1.109589041095890405e+00 0.000000000000000000e+00 3.550143857500329680e-01 3.880829529283842949e-01 4.983534654940919850e+00 4.972443678268834155e+00 3.662822800770026421e-01 3.902778465740545655e-01 2.317685559060388839e-02 3.529945369106996661e-02
1.106849315068493045e+00 0.000000000000000000e+00 3.552105819458152847e-01 3.882791549832822486e-01 4.983465879171171231e+00 4.972629124606821271e+00 3.664445874144247051e-01 3.900803958306120478e-01 2.303617301086780325e-02 3.548507430324703699e-02
1.104109589041095907e+00 0.000000000000000000e+00 3.549606538203792239e-01 3.880292234240271809e-01 4.983585891275112978e+00 4.972385794901398093e+00 3.662176847308808991e-01 3.903310552200621175e-01 2.324456747843602067e-02 3.524163262741651648e-02
1.098630136986301409e+00 0.000000000000000000e+00 3.547119034903950530e-01 3.877804708377574627e-01 4.983723780712010054e+00 4.972141443669234384e+00 3.659848444813516011e-01 3.905802852754626797e-01 2.346345834459796428e-02 3.499720562573792326e-02
1.095890410958904049e+00 0.000000000000000000e+00 3.548174708590777771e-01 3.878860388725463015e-01 4.983658001745863153e+00 4.972245701683340791e+00 3.660855747980865105e-01 3.904745764070672309e-01 2.336720399697598052e-02 3.510148639390890668e-02
1.093150684931506911e+00 0.000000000000000000e+00 3.547477621475536025e-01 3.878163297889668515e-01 4.983703100309448963e+00 4.972176727151305542e+00 3.660186062742921131e-01 3.905443641205288974e-01 2.343156924650051029e-02 3.503249904787719693e-02
1.090410958904109551e+00 0.000000000000000000e+00 3.547889839481274676e-01 3.878575517554129770e-01 4.983674255852491797e+00 4.972217620441460539e+00 3.660585897993753890e-01 3.905031071127678111e-01 2.339279337578767382e-02 3.507339809880601761e-02
1.087671232876712413e+00 0.000000000000000000e+00 3.548696619751310344e-01 3.879382299443617788e-01 4.983608196330894025e+00 4.972297976207714854e+00 3.661380372902517388e-01 3.904223947301643793e-01 2.331458894454587275e-02 3.515375956883858011e-02
1.084931506849315053e+00 0.000000000000000000e+00 3.545315740100431490e-01 3.876001414049292659e-01 4.983892223231975116e+00 4.971961032309139661e+00 3.658043297451011311e-01 3.907606045250784366e-01 2.364383870026836448e-02 3.481679536764323291e-02
1.079452054794520555e+00 0.000000000000000000e+00 3.544249157432084463e-01 3.874934829593761343e-01 4.983981800969938369e+00 4.971854730180332638e+00 3.656990365427694734e-01 3.908673007000091348e-01 2.374773871003200976e-02 3.471048691546870651e-02
1.076712328767123195e+00 0.000000000000000000e+00 3.545871002032974229e-01 3.876556675940519003e-01 4.983837567519505463e+00 4.972016566174298546e+00 3.658598798108113059e-01 3.907050792153998753e-01 2.358828021384711329e-02 3.487232914376174608e-02
1.073972602739726057e+00 0.000000000000000000e+00 3.544604916883856149e-01 3.875290589490570925e-01 4.983950609016642552e+00 4.971890217380884103e+00 3.657342717659995968e-01 3.908317153159154844e-01 2.371285287954450621e-02 3.474597569858461216e-02
1.071232876712328697e+00 0.000000000000000000e+00 3.544837197032366105e-01 3.875522869825083205e-01 4.983929385944350976e+00 4.971913408231725562e+00 3.657573563744610512e-01 3.908084833570705796e-01 2.368991741972495402e-02 3.476916721883160921e-02
1.068493150684931559e+00 0.000000000000000000e+00 3.539609276970498986e-01 3.870294946825167948e-01 4.984419415080025395e+00 4.971391203740051168e+00 3.652368351362139109e-01 3.913313376539677702e-01 2.420806529819743633e-02 3.424695203570544272e-02
1.065753424657534199e+00 0.000000000000000000e+00 3.540658480804829700e-01 3.871344151193122918e-01 4.984320511522430053e+00 4.971496017387298849e+00 3.653413427619285891e-01 3.912264059574732111e-01 2.410398977162717116e-02 3.435176763225027130e-02
1.060273972602739700e+00 0.000000000000000000e+00 3.540244073026599381e-01 3.870929743203913032e-01 4.984359557174411037e+00 4.971454618815070781e+00 3.653000652560695061e-01 3.912678512080799975e-01 2.414509618435736749e-02 3.431036828916841919e-02
1.057534246575342562e+00 0.000000000000000000e+00 3.543056401552787671e-01 3.873742072560346639e-01 4.984088009385419404e+00 4.971735685416393657e+00 3.655806543687903365e-01 3.909866007577667002e-01 2.386518418427469729e-02 3.459143800605775365e-02
1.054794520547945202e+00 0.000000000000000000e+00 3.543739330430537016e-01 3.874425001556182080e-01 4.984021127286493602e+00 4.971803954628640554e+00 3.656488555402303553e-01 3.909183053678919051e-01 2.379707979990797889e-02 3.465970768076433867e-02
1.052054794520547842e+00 0.000000000000000000e+00 3.540910584723488408e-01 3.871596255265817854e-01 4.984297086674954969e+00 4.971521196956030231e+00 3.653664337725048283e-01 3.912011922999698577e-01 2.407902423729641611e-02 3.437694776081941933e-02
1.049315068493150704e+00 0.000000000000000000e+00 3.539811701218574247e-01 3.870497371596322012e-01 4.984405004980595244e+00 4.971411341615207036e+00 3.652566732746143630e-01 3.913110841374413118e-01 2.418864978108887023e-02 3.426709176552464320e-02
1.046575342465753122e+00 0.000000000000000000e+00 3.539921588916214445e-01 3.870607259316543036e-01 4.984394285469258001e+00 4.971422325859688129e+00 3.652676445107134184e-01 3.913000948892090269e-01 2.417769704336648201e-02 3.427807609703477365e-02
1.038356164383561708e+00 0.000000000000000000e+00 3.536316330266799368e-01 3.867002000306666853e-01 4.984750456036425525e+00 4.971061872387516622e+00 3.649073988848503536e-01 3.916606283881255979e-01 2.453764649072487369e-02 3.391762111060270257e-02
1.035616438356164348e+00 0.000000000000000000e+00 3.536668612131567135e-01 3.867354282221453499e-01 4.984715830345364473e+00 4.971097090540190777e+00 3.649425882008130451e-01 3.916253991420357017e-01 2.450249823941219249e-02 3.395283946344197085e-02
1.032876712328767210e+00 0.000000000000000000e+00 3.536668610598515672e-01 3.867354280702721692e-01 4.984716002372675980e+00 4.971097087521797242e+00 3.649425769266870789e-01 3.916253989917526379e-01 2.450252125642944992e-02 3.395283649557370720e-02
1.030136986301370072e+00 0.000000000000000000e+00 3.537684594187462950e-01 3.868370264355870392e-01 4.984615185608500809e+00 4.971198672959694420e+00 3.650441253356827565e-01 3.915237992742138795e-01 2.440102569289120948e-02 3.405442222830542404e-02
1.027397260273972712e+00 0.000000000000000000e+00 3.529609285550391329e-01 3.860294955333892775e-01 4.985418015272622405e+00 4.970391219714461073e+00 3.642368941143340200e-01 3.923313382793696125e-01 2.520793976377447981e-02 3.324696708188003974e-02
1.021917808219177992e+00 0.000000000000000000e+00 3.528134794149068720e-01 3.858820463877906115e-01 4.985564795080832390e+00 4.970243781621281443e+00 3.640894875497709959e-01 3.924787885749285721e-01 2.535530124916069578e-02 3.309952869668485176e-02
1.019178082191780854e+00 0.000000000000000000e+00 3.530244114909276698e-01 3.860929784700867784e-01 4.985354632966541466e+00 4.970454700985272645e+00 3.643003707243210321e-01 3.922678551734892216e-01 2.514446986683334384e-02 3.331044842389972033e-02
1.016438356164383494e+00 0.000000000000000000e+00 3.521050489263573002e-01 3.851736158814802469e-01 4.986271042791817543e+00 4.969535387192566489e+00 3.633811955326705645e-01 3.931872228121703894e-01 2.606344657472031701e-02 3.239113316507577500e-02
1.013698630136986356e+00 0.000000000000000000e+00 3.515076854394733608e-01 3.845762523820253076e-01 4.986866859065461455e+00 4.968938049297342729e+00 3.627839301053982224e-01 3.937845889500004581e-01 2.666060809824272182e-02 3.179379442479631640e-02
1.010958904109588996e+00 0.000000000000000000e+00 3.505949328786479025e-01 3.836634998052033119e-01 4.987777639496098203e+00 4.968025329412352420e+00 3.618713024087909513e-01 3.946973448805377593e-01 2.757310345559994824e-02 3.088107336195685185e-02
1.008219178082192080e+00 0.000000000000000000e+00 3.505109052246634938e-01 3.835794721503234528e-01 4.987861556237839444e+00 4.967941303610244219e+00 3.617872817578353106e-01 3.947813727222607705e-01 2.765711667824189909e-02 3.079704747181323879e-02
1.002739726027397360e+00 0.000000000000000000e+00 3.502381277284644101e-01 3.833066946508386641e-01 4.988133927066837003e+00 4.967668532888246169e+00 3.615145299577015026e-01 3.950541509086770153e-01 2.792984122809247585e-02 3.052427645056752722e-02
1.000000000000000000e+00 0.000000000000000000e+00 3.505649802729280395e-01 3.836335471984667622e-01 4.987807467162404862e+00 4.967995378862700484e+00 3.618413577228425382e-01 3.947272977010408690e-01 2.760303975174641100e-02 3.085112275629186759e-02
9.972602739726027510e-01 0.000000000000000000e+00 3.509932041569673311e-01 3.840617710856846223e-01 4.987379639099977169e+00 4.968423596076024573e+00 3.622695566680574908e-01 3.942990731533144166e-01 2.717486728030963153e-02 3.127934036946464214e-02
9.945205479452056130e-01 0.000000000000000000e+00 3.507630224982403733e-01 3.838315894254030192e-01 4.987609626844458077e+00 4.968193417695179193e+00 3.620393872186733475e-01 3.945292551361879174e-01 2.740502376565960921e-02 3.104916177911856007e-02
9.917808219178083640e-01 0.000000000000000000e+00 3.513171512560378518e-01 3.843857181859861027e-01 4.987055847427654953e+00 4.968747540478815949e+00 3.625934940321857147e-01 3.939751258010861790e-01 2.685094027410536016e-02 3.160328503327430177e-02
9.890410958904110039e-01 0.000000000000000000e+00 3.499921713401774048e-01 3.830607382644881653e-01 4.988380117539109371e+00 4.967422572800698433e+00 3.612685586332158860e-01 3.953001068805146456e-01 2.817582833139914075e-02 3.027831626619647415e-02
9.835616438356163949e-01 0.000000000000000000e+00 3.500910724061114809e-01 3.831596393307267756e-01 4.988281255239278345e+00 4.967521473184953074e+00 3.613674572768874049e-01 3.952012057522779065e-01 2.807693226764464839e-02 3.037721672764288547e-02
9.808219178082191458e-01 0.000000000000000000e+00 3.495595514534499126e-01 3.826281183765314342e-01 4.988812580811572417e+00 4.966989955684581126e+00 3.608359485212236373e-01 3.957327270173941480e-01 2.860842802753115616e-02 2.984569881612558415e-02
9.780821917808220078e-01 0.000000000000000000e+00 3.496266645078817126e-01 3.826952314311224401e-01 4.988745488233533365e+00 4.967057068371454776e+00 3.609030603011670335e-01 3.956656139307490050e-01 2.854131760723502276e-02 2.991281155370583908e-02
9.753424657534246478e-01 0.000000000000000000e+00 3.492509996344050904e-01 3.823195665569386059e-01 4.989121061353639419e+00 4.966681405182822751e+00 3.605274011139537604e-01 3.960412789450785120e-01 2.891697071713143427e-02 2.953714808781421688e-02
9.726027397260273988e-01 0.000000000000000000e+00 3.501058923240824572e-01 3.831744592479728317e-01 4.988266346555486841e+00 4.967536294541954334e+00 3.613822828204720228e-01 3.951863859882071561e-01 2.806210076790945432e-02 3.039203806901600094e-02
9.698630136986300387e-01 0.000000000000000000e+00 3.493232037329399020e-01 3.823917706558383478e-01 4.989048903068443508e+00 4.966753608498475359e+00 3.605996023358039593e-01 3.959690747708508041e-01 2.884477255269253526e-02 2.960935146485613179e-02
9.643835616438356517e-01 0.000000000000000000e+00 3.491643068044709142e-01 3.822328737272102650e-01 4.989207778473644161e+00 4.966594712001040079e+00 3.604407067181883972e-01 3.961279717290697167e-01 2.900366675880541173e-02 2.945045485511372380e-02
9.616438356164384027e-01 0.000000000000000000e+00 3.492577051978630887e-01 3.823262721206867054e-01 4.989114391669376758e+00 4.966688110158383296e+00 3.605341044082968627e-01 3.960345733200233420e-01 2.891026982716103644e-02 2.954385307815571987e-02
9.589041095890410427e-01 0.000000000000000000e+00 3.495924138879787368e-01 3.826609808110281175e-01 4.988779715126883119e+00 4.967022818155387931e+00 3.608688111719860481e-01 3.956998645899966749e-01 2.857556515248090359e-02 2.987856130793652837e-02
9.561643835616437936e-01 0.000000000000000000e+00 3.504867252514067832e-01 3.835552921749249555e-01 4.987885473098403466e+00 4.967917127936599897e+00 3.617631184362360419e-01 3.948055531484951364e-01 2.768126235974798649e-02 3.077287170634643645e-02
9.534246575342464336e-01 0.000000000000000000e+00 3.499010052689872641e-01 3.829695721922561358e-01 4.988471154798435947e+00 4.967331408874366083e+00 3.611774006874554632e-01 3.953912731697525884e-01 2.826697765774575932e-02 3.018715224192197386e-02
9.506849315068491846e-01 0.000000000000000000e+00 3.497630229112155265e-01 3.828315898344303858e-01 4.988609128669364345e+00 4.967193426724707983e+00 3.610394188222351697e-01 3.955292555357562967e-01 2.840495898125290283e-02 3.004916999767303851e-02
9.452054794520547976e-01 0.000000000000000000e+00 3.496699009287989046e-01 3.827384678519899497e-01 4.988702246513257776e+00 4.967100304856868043e+00 3.609462970716744157e-01 3.956223775209882221e-01 2.849808047273554371e-02 2.995604806644929646e-02
9.424657534246575485e-01 0.000000000000000000e+00 3.496507176261741678e-01 3.827192845493552764e-01 4.988721428300695315e+00 4.967081121588637238e+00 3.609271138587432648e-01 3.956415608253354144e-01 2.851726358788137308e-02 2.993686478497106090e-02
9.397260273972604105e-01 0.000000000000000000e+00 3.495634668021742053e-01 3.826320337253396597e-01 4.988808676075212389e+00 4.966993870858501303e+00 3.608398631995794470e-01 3.957288116505450204e-01 2.860451405980734413e-02 2.984961399568882012e-02
9.369863013698630505e-01 0.000000000000000000e+00 3.502017688730705847e-01 3.832703357963245239e-01 4.988170393185928475e+00 4.967632172293625636e+00 3.614781642624788072e-01 3.950905095761955699e-01 2.796621415706340361e-02 3.048791586262705744e-02
9.342465753424658015e-01 0.000000000000000000e+00 3.498476848157028307e-01 3.829162517389185227e-01 4.988524467873921786e+00 4.967278088568228611e+00 3.611240806838385553e-01 3.954445936332864342e-01 2.832029717733572718e-02 3.013383189806623577e-02
9.315068493150684414e-01 0.000000000000000000e+00 3.493699272703997272e-01 3.824384941935747295e-01 4.989002214188587914e+00 4.966800331447880801e+00 3.606463236951754636e-01 3.959223511757819502e-01 2.879805350719298954e-02 2.965607445541097731e-02
9.260273972602740544e-01 0.000000000000000000e+00 3.485360839920988441e-01 3.816046509152261623e-01 4.989836040668941486e+00 4.965966488865617201e+00 3.598124812110220505e-01 3.967561944443477318e-01 2.963189502939488421e-02 2.882223131142452530e-02
9.232876712328768054e-01 0.000000000000000000e+00 3.494867252682138936e-01 3.825552921913814020e-01 4.988885416695413078e+00 4.966917129378291662e+00 3.607631216987011169e-01 3.958055531825189766e-01 2.868125551453271777e-02 2.977287246397653658e-02
9.205479452054794454e-01 0.000000000000000000e+00 3.491785022091257185e-01 3.822470691322837899e-01 4.989193634585584292e+00 4.966608906559546455e+00 3.604548988673375032e-01 3.961137762362149650e-01 2.898947806004307029e-02 2.946464943789556604e-02
9.178082191780821963e-01 0.000000000000000000e+00 3.492453626973753833e-01 3.823139296205346205e-01 4.989126775083175147e+00 4.966675766997865615e+00 3.605217593147568844e-01 3.960469157493687886e-01 2.892261766555575056e-02 2.953150992115128465e-02
9.150684931506849473e-01 0.000000000000000000e+00 3.492807332974207646e-01 3.823493002205798352e-01 4.989091404912563199e+00 4.966711137572993096e+00 3.605571298990297158e-01 3.960115451502246864e-01 2.888724710311270372e-02 2.956688052002803130e-02
9.123287671232875873e-01 0.000000000000000000e+00 3.481405191616679939e-01 3.812090860848252882e-01 4.990231603930483928e+00 4.965570924261164976e+00 3.594169163523811550e-01 3.971517592591237156e-01 3.002745986063377892e-02 2.842666644234000464e-02
9.068493150684932003e-01 0.000000000000000000e+00 3.478401292041765069e-01 3.809086961273344674e-01 4.990531990069884571e+00 4.965270534518055001e+00 3.591165265396680240e-01 3.974521492092566999e-01 3.032784947648970580e-02 2.812627649751118022e-02
9.041095890410958402e-01 0.000000000000000000e+00 3.478848524154529165e-01 3.809534193386102663e-01 4.990487267328481913e+00 4.965315257699018048e+00 3.591612497356270195e-01 3.974074259992456670e-01 3.028312630323281782e-02 2.817099970847923920e-02
9.013698630136985912e-01 0.000000000000000000e+00 3.482243804308284840e-01 3.812929473539808933e-01 4.990147743148150461e+00 4.965654785479902245e+00 3.595007776177642778e-01 3.970678979930161723e-01 2.994359861139653245e-02 2.851052771722852389e-02
8.986301369863013422e-01 0.000000000000000000e+00 3.481288335500813402e-01 3.811974004732356924e-01 4.990243288989938186e+00 4.965559238664486230e+00 3.594052307719644013e-01 3.971634448711200971e-01 3.003914540634241431e-02 2.841498083770209807e-02
8.958904109589040932e-01 0.000000000000000000e+00 3.474196247369794599e-01 3.804881916601485781e-01 4.990952490366733052e+00 4.964850030331830588e+00 3.586960222008298560e-01 3.978726536641274403e-01 3.074835361846995491e-02 2.770577202925405061e-02
8.876712328767123461e-01 0.000000000000000000e+00 3.406899591657271964e-01 3.732190862324669678e-01 4.992414704767043077e+00 4.954416364024512021e+00 3.532476000693717810e-01 4.057911857031598069e-01 4.445419964034789950e-02 2.380941533813678984e-02
8.849315068493150971e-01 0.000000000000000000e+00 3.417239829175658938e-01 3.745771926748208691e-01 4.994555911316615138e+00 4.957157701210713974e+00 3.534435251489517760e-01 4.040751774468816504e-01 4.102748604033393254e-02 2.297397316432635284e-02
8.821917808219178481e-01 0.000000000000000000e+00 3.427512789556857453e-01 3.758895015486217739e-01 4.996452932364501720e+00 4.959404078443349739e+00 3.536460640750820894e-01 4.024769173639207720e-01 3.847170955032562512e-02 2.213233653222252892e-02
8.794520547945205990e-01 0.000000000000000000e+00 3.426213776543085010e-01 3.757289863526677709e-01 4.996239108112233041e+00 4.959164220427481951e+00 3.536189685411375572e-01 4.026650912322815024e-01 3.873139350437199840e-02 2.224073867263755971e-02
8.767123287671232390e-01 0.000000000000000000e+00 3.424213696956387443e-01 3.754843790315592345e-01 4.995921398247614498e+00 4.958813438823274744e+00 3.535765598065434001e-01 4.029484504012789681e-01 3.910603279225514234e-02 2.240857804694547720e-02
8.739726027397259900e-01 0.000000000000000000e+00 3.350508509844057903e-01 3.670326972120632747e-01 4.987201930590789090e+00 4.948352390663963263e+00 3.509439801166337469e-01 4.122313118549428834e-01 4.986617566100683130e-02 2.685955862246594203e-02
8.684931506849314919e-01 0.000000000000000000e+00 3.304365667927777750e-01 3.624937829383630961e-01 4.987753598131247301e+00 4.944608883491540929e+00 3.466697507094251285e-01 4.166128227238300452e-01 5.310215825311154908e-02 2.417019882376383530e-02
8.657534246575342429e-01 0.000000000000000000e+00 3.336587711496590281e-01 3.663320411028457846e-01 4.992498665851973882e+00 4.949722737044212728e+00 3.473929195271360792e-01 4.122779125564459135e-01 4.773765959711016860e-02 2.142080730618131645e-02
8.630136986301369939e-01 0.000000000000000000e+00 3.349352057087557899e-01 3.678227304935445807e-01 4.994280306408880321e+00 4.951614049760144631e+00 3.476932937093744624e-01 4.106241590317641355e-01 4.577469327159662538e-02 2.031719445846414535e-02
8.602739726027397449e-01 0.000000000000000000e+00 3.352760845412248725e-01 3.682127647536649340e-01 4.994732144977250599e+00 4.952087680953739302e+00 3.477782369377390714e-01 4.101987734180408962e-01 4.528726850858013492e-02 2.001810550399595739e-02
8.575342465753424959e-01 0.000000000000000000e+00 3.373250435006600600e-01 3.705086974894605811e-01 4.997316722977410031e+00 4.954768227042589679e+00 3.483258688396375646e-01 4.077347434006646787e-01 4.254753384374097142e-02 1.819096255984916852e-02
8.547945205479452468e-01 0.000000000000000000e+00 3.343856201891643454e-01 3.672668873341941032e-01 4.993740190591747563e+00 4.951084937119779816e+00 3.474899630127158412e-01 4.111739679992226226e-01 4.629552985349338901e-02 2.084668541255563570e-02
8.493150684931506378e-01 0.000000000000000000e+00 3.334783163157489239e-01 3.662818455441721466e-01 4.992673358022563512e+00 4.949992960782723550e+00 3.472122802269936304e-01 4.122077931059192624e-01 4.740252312211053198e-02 2.167778859697323465e-02
8.465753424657533888e-01 0.000000000000000000e+00 3.336358501132805077e-01 3.664506600450829765e-01 4.992853564702492974e+00 4.950176571110245227e+00 3.472641174237759976e-01 4.120321246162708118e-01 4.721690230313809605e-02 2.153173395994669934e-02
8.438356164383561397e-01 0.000000000000000000e+00 3.324637138991342056e-01 3.652074840744479745e-01 4.991540939348199757e+00 4.948843646473135571e+00 3.468520485562730515e-01 4.133173634273332175e-01 4.856171833821045641e-02 2.262931384336724916e-02
8.410958904109588907e-01 0.000000000000000000e+00 3.313915130474627824e-01 3.640809749487247116e-01 4.990362838637121712e+00 4.947650745988826593e+00 3.464471931308326647e-01 4.144752983596635132e-01 4.976322847198066945e-02 2.364287074638485656e-02
8.383561643835616417e-01 0.000000000000000000e+00 3.316376099220738061e-01 3.643375516800858027e-01 4.990629143467543827e+00 4.947919800730280926e+00 3.465466717833691757e-01 4.142127693129942778e-01 4.949258261880244009e-02 2.340836260228824559e-02
8.356164383561643927e-01 0.000000000000000000e+00 3.304301457364043904e-01 3.630880700002669936e-01 4.989341497723838614e+00 4.946621511045197650e+00 3.460184509986221624e-01 4.154856992303928576e-01 5.079700060068696038e-02 2.456827677620394487e-02
8.301369863013698946e-01 0.000000000000000000e+00 3.296776665703600173e-01 3.623129172559484967e-01 4.988546036849063725e+00 4.945820434242625296e+00 3.456717022318583354e-01 4.162733623122240045e-01 5.160130064819937884e-02 2.529470652847756046e-02
8.273972602739726456e-01 0.000000000000000000e+00 3.298904187424846479e-01 3.625307326943152941e-01 4.988768311446968085e+00 4.946043929821906993e+00 3.457789386848620361e-01 4.160527912978140286e-01 5.137710691045441203e-02 2.508788194178584660e-02
8.246575342465753966e-01 0.000000000000000000e+00 3.263042790699987039e-01 3.590509206627431893e-01 4.986114093494369293e+00 4.942820317109218209e+00 3.423730945996445452e-01 4.194429618938828597e-01 5.451993041686116481e-02 2.698891469967932416e-02
8.219178082191780366e-01 0.000000000000000000e+00 3.263321240038389859e-01 3.590772524323030956e-01 4.986093883406577554e+00 4.942835593958788465e+00 3.423981213061694784e-01 4.194192378392589959e-01 5.451017646831758656e-02 2.701697322475350022e-02
8.191780821917807875e-01 0.000000000000000000e+00 3.212979111498478479e-01 3.540035154593800804e-01 4.984657077320714613e+00 4.938208478301092441e+00 3.383500463072198206e-01 4.244343278210390702e-01 5.880746759816385394e-02 2.588989709359941493e-02
8.164383561643835385e-01 0.000000000000000000e+00 3.120986710999557046e-01 3.443297764341652356e-01 4.978457318825728173e+00 4.928306644925486424e+00 3.326626837367884226e-01 4.343476238123962774e-01 6.847144644601878272e-02 2.756485900164736338e-02
8.109589041095890405e-01 0.000000000000000000e+00 3.122736340556013235e-01 3.444857865762135374e-01 4.978344837385221489e+00 4.928390186573941456e+00 3.328729068075119146e-01 4.342122705786489179e-01 6.841861429338388922e-02 2.775084227249226959e-02
8.082191780821917915e-01 0.000000000000000000e+00 3.130766204231356653e-01 3.452229327162036343e-01 4.977780884674897877e+00 4.928822509106619343e+00 3.337836408171607760e-01 4.335534846801311071e-01 6.813835020979819301e-02 2.858951362743228711e-02
8.054794520547945424e-01 0.000000000000000000e+00 3.137024689407817979e-01 3.458091820143618378e-01 4.977310299448626019e+00 4.929194356102843955e+00 3.344691986272753104e-01 4.330175045099807773e-01 6.789080078276416019e-02 2.923582946358149401e-02
8.027397260273972934e-01 0.000000000000000000e+00 3.148075515099091337e-01 3.468590997252002928e-01 4.976435026705583020e+00 4.929905168149172567e+00 3.356529984989328197e-01 4.320410288938000276e-01 6.740481788127357377e-02 3.036849701891046818e-02
8.000000000000000444e-01 0.000000000000000000e+00 3.146615392995559812e-01 3.467192022957111264e-01 4.976554502450415640e+00 4.929806291275775187e+00 3.354985499683509897e-01 4.321725317180805104e-01 6.747374264751326844e-02 3.021948951628363605e-02
7.972602739726026844e-01 0.000000000000000000e+00 3.127760503283950055e-01 3.448932243265570019e-01 4.978168326164713164e+00 4.928427805373324588e+00 3.335339043025093986e-01 4.339138239709799949e-01 6.847249648653105925e-02 2.830550829393624693e-02
7.917808219178081863e-01 0.000000000000000000e+00 3.123407236635458162e-01 3.444690488574765341e-01 4.978551076628294325e+00 4.928093993131384742e+00 3.330840653369719351e-01 4.343217757899026643e-01 6.872119692894752829e-02 2.786491584103856223e-02
7.890410958904109373e-01 0.000000000000000000e+00 3.142086380533176682e-01 3.462988502773277633e-01 4.976868162261470552e+00 4.929592698336282552e+00 3.350006752947081723e-01 4.325485052613408654e-01 6.756926312086108943e-02 2.975061765101530420e-02
7.863013698630136883e-01 0.000000000000000000e+00 3.144050340466513771e-01 3.464922171641431348e-01 4.976686889671610103e+00 4.929757849152776039e+00 3.352008769581064085e-01 4.323597135800891778e-01 6.743735246668325356e-02 2.994841213765856922e-02
7.835616438356164393e-01 0.000000000000000000e+00 3.138925746810204420e-01 3.459865455563215231e-01 4.977164986988692696e+00 4.929317642655825615e+00 3.346799581026442816e-01 4.328550423381525847e-01 6.779566194069090723e-02 2.943283521294232097e-02
7.808219178082191902e-01 0.000000000000000000e+00 3.139789013345116730e-01 3.460720069935642185e-01 4.977083125507660633e+00 4.929394332931504863e+00 3.347673515796916188e-01 4.327709151191143633e-01 6.773104480700167795e-02 2.951955650229065933e-02
7.780821917808219412e-01 0.000000000000000000e+00 3.096168550879277448e-01 3.417432709390951784e-01 4.981175710626136954e+00 4.925445915968624355e+00 3.303722318791617596e-01 4.370455328382656379e-01 7.110571589883614430e-02 2.517460083543842167e-02
7.698630136986300831e-01 0.000000000000000000e+00 3.104235660468852021e-01 3.427945512571994313e-01 4.982789198494506522e+00 4.927455948982865763e+00 3.305267083601353129e-01 4.357316749909803111e-01 6.868430949708415056e-02 2.452034510612757442e-02
7.671232876712328341e-01 0.000000000000000000e+00 3.089553207538486834e-01 3.409322728064386743e-01 4.980149978606886130e+00 4.924377182495193850e+00 3.302340619458529747e-01 4.379797903305987505e-01 7.213469809075502559e-02 2.572772392612064640e-02
7.643835616438355851e-01 0.000000000000000000e+00 3.078430332645593070e-01 3.395561038219000460e-01 4.978314898889628637e+00 4.922319703737072061e+00 3.300029118185363597e-01 4.395943771962702029e-01 7.436003253335853047e-02 2.665501833732335235e-02
7.616438356164383361e-01 0.000000000000000000e+00 3.078786310188650899e-01 3.395998073350758317e-01 4.978371886555091663e+00 4.922382654402539970e+00 3.300103618145429074e-01 4.395436219465684857e-01 7.429281351985721205e-02 2.662523923645553070e-02
7.589041095890410871e-01 0.000000000000000000e+00 2.976138787914965889e-01 3.289312875693957139e-01 4.973302631392327200e+00 4.911796088334416055e+00 3.228352112738121504e-01 4.503788998162368551e-01 8.445215556578315741e-02 2.634693524412639459e-02
7.534246575342465890e-01 0.000000000000000000e+00 2.976196500182120008e-01 3.289374653659883907e-01 4.973309072122435559e+00 4.911802547587409862e+00 3.228369316284417923e-01 4.503725351188039294e-01 8.444570633444345442e-02 2.634162850661662253e-02
7.506849315068493400e-01 0.000000000000000000e+00 2.975020527659669178e-01 3.288070885975489799e-01 4.973164359959539205e+00 4.911653225317601290e+00 3.228042802740325179e-01 4.505113437241233809e-01 8.459783065715169303e-02 2.644738738111894125e-02
7.479452054794520910e-01 0.000000000000000000e+00 2.979496492449681955e-01 3.293051304480678065e-01 4.973719973568691444e+00 4.912227632262051280e+00 3.229271338159739879e-01 4.499795857519475195e-01 8.401192243241302482e-02 2.604596130353378086e-02
7.452054794520548420e-01 0.000000000000000000e+00 2.977700349404547309e-01 3.291074043319594522e-01 4.973502384218307704e+00 4.912003754577147774e+00 3.228758173530354991e-01 4.501890528081706755e-01 8.423959947573615714e-02 2.620846436717563788e-02
7.424657534246574819e-01 0.000000000000000000e+00 2.957188280172003969e-01 3.268922140349810879e-01 4.971121469379643720e+00 4.909566952729369049e+00 3.222227256892719605e-01 4.525059086336195024e-01 8.670712131031980963e-02 2.807898007683673480e-02
7.397260273972602329e-01 0.000000000000000000e+00 2.785930855580428522e-01 3.096489163734553185e-01 4.964205935434579331e+00 4.893696788731209502e+00 3.089236113318606924e-01 4.695472561094394814e-01 1.016419183385014607e-01 2.651762845672457972e-02
7.342465753424657349e-01 0.000000000000000000e+00 2.777388061513919593e-01 3.086794920004036213e-01 4.963095934640086249e+00 4.892538402605886461e+00 3.087050935613978586e-01 4.705976849355643088e-01 1.028305990864343961e-01 2.727188655303031811e-02
7.315068493150684859e-01 0.000000000000000000e+00 2.786195483661527694e-01 3.096599847549412754e-01 4.964190444103812716e+00 4.893670173212562702e+00 3.089463363622914072e-01 4.695504432235864112e-01 1.016760144980813213e-01 2.648232513628637902e-02
7.287671232876712368e-01 0.000000000000000000e+00 2.771979816825376197e-01 3.081031290301404768e-01 4.962487155836611485e+00 4.891920941057094296e+00 3.085291004180805707e-01 4.711940963765607893e-01 1.034529100123114109e-01 2.777450872443409935e-02
7.260273972602739878e-01 0.000000000000000000e+00 2.769029443646814914e-01 3.077847391462657511e-01 4.962144650374398225e+00 4.891571118299951948e+00 3.084358241723276217e-01 4.715269271324654676e-01 1.038070808583020782e-01 2.804626475146542244e-02
7.232876712328767388e-01 0.000000000000000000e+00 2.809209414979765840e-01 3.120736007845708593e-01 4.966703551517129611e+00 4.896209988532707058e+00 3.097891355239101308e-01 4.670751630676004962e-01 9.912113318792147021e-02 2.430722073817753043e-02
7.205479452054794898e-01 0.000000000000000000e+00 2.746922198065746556e-01 3.055793867484360438e-01 4.960301037796605250e+00 4.889446057258315825e+00 3.070266087315594028e-01 4.737116061113382792e-01 1.058973422670158870e-01 2.945501141623605920e-02
7.123287671232876317e-01 0.000000000000000000e+00 2.700260077846609041e-01 3.012453400047442331e-01 4.960367151269893249e+00 4.886282605203711604e+00 3.020865960700638286e-01 4.776931769232685698e-01 1.086046504674954005e-01 2.700920298578756915e-02
7.095890410958903827e-01 0.000000000000000000e+00 2.734903599662232287e-01 3.051111741165067892e-01 4.964695426208898255e+00 4.890762890369493299e+00 3.030267087868820930e-01 4.735570983012001856e-01 1.040310671945582910e-01 2.390955899844374871e-02
7.068493150684931337e-01 0.000000000000000000e+00 2.766921894017189132e-01 3.086256421654841042e-01 4.968550684108183901e+00 4.894725619911082681e+00 3.039565912386461011e-01 4.698409432543335651e-01 1.000034955970754702e-01 2.100489544875964315e-02
7.041095890410958846e-01 0.000000000000000000e+00 2.738280308774661553e-01 3.055270873577473623e-01 4.965208333107379524e+00 4.891308931109168867e+00 3.030639041502043440e-01 4.730852685761290921e-01 1.034644405211213591e-01 2.363692816027787580e-02
7.013698630136986356e-01 0.000000000000000000e+00 2.709900813772215256e-01 3.024953977349742473e-01 4.961982923942261259e+00 4.888026036396909468e+00 3.021122390569679905e-01 4.762337481681180318e-01 1.067812034291591855e-01 2.627588713861413877e-02
6.958904109589041376e-01 0.000000000000000000e+00 2.703327582682703012e-01 3.017974270392385638e-01 4.961245189421690682e+00 4.887276677617419018e+00 3.018842109500247672e-01 4.769558004438895771e-01 1.075373718044384391e-01 2.689060181544491307e-02
6.931506849315068886e-01 0.000000000000000000e+00 2.719875774147829106e-01 3.035310417536978833e-01 4.963053038885361090e+00 4.889105709921378384e+00 3.025250282269297264e-01 4.751768941961148629e-01 1.056960404541877480e-01 2.532159772245247062e-02
6.904109589041096395e-01 0.000000000000000000e+00 2.732776072100205900e-01 3.048727093226786811e-01 4.964442305264892497e+00 4.890508372772496948e+00 3.030595624069649663e-01 4.738060634006719396e-01 1.042856386976050986e-01 2.408909359022904859e-02
6.876712328767122795e-01 0.000000000000000000e+00 2.731941077521337635e-01 3.047869383307667546e-01 4.964354514642073113e+00 4.890420026063741155e+00 3.030194805157493398e-01 4.738930802385943886e-01 1.043743040522012722e-01 2.416996180268734737e-02
6.849315068493150305e-01 0.000000000000000000e+00 2.735728166782718795e-01 3.051756229069232940e-01 4.964752051161011259e+00 4.890819997127889174e+00 3.032036854821100191e-01 4.734989331994267636e-01 1.039729385575745291e-01 2.380283415570221342e-02
6.821917808219177815e-01 0.000000000000000000e+00 2.639638435131971828e-01 2.956960616509818340e-01 4.956797788282740314e+00 4.881749926796467243e+00 2.954785387129620911e-01 4.828466535175440222e-01 1.128976624225565412e-01 3.008357001824519400e-02
6.739726027397260344e-01 0.000000000000000000e+00 2.636459243539310826e-01 2.954363514924866485e-01 4.956961357847814220e+00 4.881635055376547960e+00 2.949880899950528268e-01 4.830560212976058310e-01 1.129675862580600404e-01 2.972364239583104653e-02
6.712328767123287854e-01 0.000000000000000000e+00 2.641244392215207348e-01 2.958620307242347813e-01 4.956655047398172087e+00 4.881862590924409773e+00 2.955678808854211859e-01 4.826872189888493647e-01 1.128236109680754440e-01 3.023330409030598395e-02
6.684931506849315364e-01 0.000000000000000000e+00 2.639158692685735774e-01 2.956756028906249445e-01 4.956789428928363606e+00 4.881763116700998495e+00 2.953195439007701428e-01 4.828490927207089722e-01 1.128862428044205973e-01 3.001208294826593001e-02
6.657534246575342873e-01 0.000000000000000000e+00 2.638632567562118059e-01 2.956264574199087836e-01 4.956828624629745050e+00 4.881732264736406535e+00 2.952616264684810310e-01 4.828938852217908861e-01 1.129067151067743163e-01 2.995766329147533935e-02
6.630136986301370383e-01 0.000000000000000000e+00 2.490292019128650114e-01 2.788924431881290578e-01 4.946517826737228951e+00 4.860134305569735247e+00 2.866751980771682362e-01 5.013665187298359527e-01 1.353361835181208506e-01 3.039139498261655276e-02
6.575342465753424293e-01 0.000000000000000000e+00 2.491574256429752998e-01 2.790136697395327325e-01 4.946418309612503172e+00 4.860214020158099224e+00 2.868135151494626833e-01 5.012545053558250530e-01 1.352825558810718531e-01 3.052314165325791667e-02
6.547945205479451802e-01 0.000000000000000000e+00 2.493152893879321819e-01 2.791661987152677660e-01 4.946284473902064605e+00 4.860327603365511173e+00 2.869785462650641938e-01 5.011094954624405462e-01 1.352008843087645629e-01 3.068357552044486194e-02
6.520547945205479312e-01 0.000000000000000000e+00 2.488457667555953323e-01 2.787111472368784537e-01 4.946687685637924936e+00 4.859982321065469790e+00 2.864898252598868655e-01 5.015439000824495341e-01 1.354518816867031350e-01 3.020713583669216995e-02
6.493150684931506822e-01 0.000000000000000000e+00 2.402596059532713102e-01 2.690640996613686831e-01 4.943017848211517240e+00 4.846403937264952333e+00 2.808399022845807225e-01 5.123075798844691775e-01 1.504522249605483863e-01 2.848710307950384074e-02
6.465753424657534332e-01 0.000000000000000000e+00 2.417233556615540069e-01 2.709390454491901745e-01 4.945747199459763266e+00 4.849651622154500075e+00 2.811272151392721352e-01 5.100167419068684094e-01 1.467402387810030628e-01 2.728965730342721926e-02
6.438356164383561842e-01 0.000000000000000000e+00 2.284400967670876248e-01 2.559420676677791606e-01 4.934936347405030510e+00 4.830825518532392060e+00 2.739980755446018712e-01 5.264869112045238442e-01 1.660899281227533886e-01 2.931934632756177939e-02
6.383561643835616861e-01 0.000000000000000000e+00 2.284535776930184670e-01 2.559581585827778172e-01 4.934956319804039815e+00 4.830847087693436848e+00 2.740010885143129848e-01 5.264687014193676351e-01 1.660672658455791262e-01 2.930785774834045176e-02
6.356164383561644371e-01 0.000000000000000000e+00 2.291446979494818070e-01 2.567803632157827365e-01 4.935970586503830582e+00 4.831939137630346437e+00 2.741566854078480442e-01 5.255411686852612396e-01 1.649224624942405570e-01 2.871764148506605191e-02
6.328767123287670771e-01 0.000000000000000000e+00 2.299480993803335593e-01 2.577160970327911915e-01 4.937084316101614689e+00 4.833119411933407328e+00 2.743471543532099988e-01 5.245054225677491244e-01 1.636988819096223680e-01 2.802168144053131943e-02
6.301369863013698280e-01 0.000000000000000000e+00 2.308341344416961483e-01 2.587268176995344282e-01 4.938250250264728969e+00 4.834339640263983995e+00 2.745701610823824135e-01 5.234057017519875288e-01 1.624444092336877754e-01 2.724244833685218747e-02
6.273972602739725790e-01 0.000000000000000000e+00 2.316920727995218088e-01 2.596876670213678628e-01 4.939331133076419356e+00 4.835460366536652899e+00 2.747998678079286994e-01 5.223749147714472629e-01 1.612991268050937566e-01 2.647707718165019306e-02
6.246575342465753300e-01 0.000000000000000000e+00 2.164709349152127982e-01 2.440543189923232437e-01 4.927843959113156203e+00 4.819989911577915898e+00 2.653450657097973231e-01 5.381216984795708091e-01 1.764369932012962439e-01 3.201027557548455360e-02
6.191780821917808320e-01 0.000000000000000000e+00 2.165456221850651231e-01 2.441201312151655145e-01 4.927797372302751278e+00 4.820024255426709203e+00 2.654377090983676135e-01 5.380651686433156611e-01 1.764153817439996774e-01 3.209033476203487084e-02
6.164383561643835829e-01 0.000000000000000000e+00 2.165678640807882638e-01 2.441372008993076825e-01 4.927789510222542191e+00 4.820028170509711885e+00 2.654711616908361771e-01 5.380529531073924288e-01 1.764139106102788901e-01 3.211587368375654755e-02
6.136986301369863339e-01 0.000000000000000000e+00 2.163779220070554676e-01 2.439638715459552520e-01 4.927919939975160091e+00 4.819929395319332066e+00 2.652537853234587795e-01 5.382067130262001564e-01 1.764771897325036476e-01 3.191687447976296332e-02
6.109589041095890849e-01 0.000000000000000000e+00 2.168215780501463186e-01 2.443800110432434447e-01 4.927584907513134382e+00 4.820194559083970987e+00 2.657386288400172547e-01 5.378257028240467363e-01 1.763004614229604361e-01 3.237469227574130831e-02
6.082191780821918359e-01 0.000000000000000000e+00 2.167499091601751415e-01 2.443115240815498801e-01 4.927642989656400019e+00 4.820146717358653632e+00 2.656625077107718780e-01 5.378898751516066890e-01 1.763336826863682594e-01 3.230145135677250923e-02
6.054794520547944758e-01 0.000000000000000000e+00 2.163076602090711342e-01 2.438861645979579218e-01 4.928010721905980773e+00 4.819838970604972239e+00 2.651972356546480891e-01 5.382917726858748031e-01 1.765511247318690136e-01 3.185099109263919009e-02
5.999999999999999778e-01 0.000000000000000000e+00 2.162684000120092265e-01 2.438472816908233698e-01 4.928047742448348423e+00 4.819804969302971642e+00 2.651575704941916967e-01 5.383300096407889201e-01 1.765781986169093765e-01 3.181157245547037299e-02
5.972602739726027288e-01 0.000000000000000000e+00 2.162498354557572944e-01 2.438297075213151643e-01 4.928061892040042302e+00 4.819794333510071915e+00 2.651376747226942276e-01 5.383461943087797241e-01 1.765841130026614414e-01 3.179253035846826142e-02
5.945205479452054798e-01 0.000000000000000000e+00 2.165622542331982203e-01 2.441362843930520721e-01 4.927778086777391486e+00 4.820049016508773043e+00 2.654575171759213648e-01 5.380483331733870722e-01 1.763858651900251928e-01 3.210766609665743898e-02
5.917808219178082307e-01 0.000000000000000000e+00 2.168558370278935721e-01 2.444252142246221005e-01 4.927507697118278962e+00 4.820294792813474061e+00 2.657569508407763847e-01 5.377664242428047414e-01 1.761904415502736354e-01 3.240339830445036068e-02
5.890410958904109817e-01 0.000000000000000000e+00 2.173129255818690153e-01 2.448765130686461067e-01 4.927080018723192012e+00 4.820689759855580014e+00 2.662212410886572456e-01 5.373239664024503925e-01 1.758671040117122664e-01 3.286314269405003763e-02
5.863013698630137327e-01 0.000000000000000000e+00 2.168810673939385314e-01 2.444493449270459529e-01 4.927487769160453723e+00 4.820309631542174955e+00 2.657835876960815136e-01 5.377439197411605365e-01 1.761839707721219173e-01 3.242914234952663094e-02
5.808219178082191236e-01 0.000000000000000000e+00 2.166351438931523599e-01 2.442054573269207551e-01 4.927723065695867710e+00 4.820087008417998753e+00 2.655351693861118245e-01 5.379846459098253098e-01 1.763755322772272149e-01 3.218229397791916302e-02
5.780821917808218746e-01 0.000000000000000000e+00 2.170893254416230711e-01 2.446564917217541324e-01 4.927285456754125548e+00 4.820504391458070970e+00 2.659931894782458506e-01 5.375385246191187738e-01 1.760097882719647566e-01 3.263790086492387998e-02
5.753424657534246256e-01 0.000000000000000000e+00 2.168238496541766425e-01 2.443925115512268764e-01 4.927542990914076881e+00 4.820256767129659892e+00 2.657258974124556139e-01 5.378001582877920406e-01 1.762310342323193113e-01 3.237174963372177472e-02
5.726027397260273766e-01 0.000000000000000000e+00 2.170046660924039583e-01 2.445726308729960774e-01 4.927365918983202420e+00 4.820429019350250144e+00 2.659075554722145074e-01 5.376211401282833258e-01 1.760724378216208252e-01 3.255287969547402543e-02
5.698630136986301276e-01 0.000000000000000000e+00 2.167322932356263721e-01 2.443012193232957652e-01 4.927633117201776436e+00 4.820168520100839515e+00 2.656340232836333914e-01 5.378910313123678177e-01 1.763137246490004417e-01 3.228007466186621349e-02
5.671232876712328785e-01 0.000000000000000000e+00 2.169073628585333202e-01 2.444757955118438408e-01 4.927460716461637524e+00 4.820337420994521338e+00 2.658096865714962842e-01 5.377172376786901742e-01 1.761551453749023721e-01 3.245536577537130873e-02
5.616438356164383805e-01 0.000000000000000000e+00 2.164754351430540624e-01 2.440449183946755418e-01 4.927886945993544821e+00 4.819918718880879638e+00 2.653764965620586391e-01 5.381464459935880740e-01 1.765512816763202542e-01 3.202296688699694110e-02
5.589041095890411315e-01 0.000000000000000000e+00 2.169972845981905374e-01 2.445657037499229247e-01 4.927370884097488357e+00 4.820427079126140768e+00 2.658996228105055537e-01 5.376273535332740661e-01 1.760664024138699491e-01 3.254529315382671817e-02
5.561643835616438825e-01 0.000000000000000000e+00 2.168540780233161602e-01 2.444227147900681907e-01 4.927512902775581516e+00 4.820286655687721300e+00 2.657561555676195564e-01 5.377699956041916973e-01 1.762018534824309479e-01 3.240198917433851494e-02
5.534246575342465224e-01 0.000000000000000000e+00 2.176246681922530957e-01 2.451922884946204362e-01 4.926747869822675874e+00 4.821044198065620456e+00 2.665279624341910236e-01 5.370020435137484727e-01 1.754678783525023544e-01 3.317303410867317170e-02
5.506849315068492734e-01 0.000000000000000000e+00 2.176605830289253252e-01 2.452281745965753934e-01 4.926712112806852950e+00 4.821079740311380313e+00 2.665639115983385876e-01 5.369662033554112313e-01 1.754330298068790817e-01 3.320896178567162710e-02
5.479452054794520244e-01 0.000000000000000000e+00 2.172230895539496998e-01 2.447910807568971781e-01 4.927147414156584304e+00 4.820647414560365718e+00 2.661259404478183432e-01 5.374026586074133194e-01 1.758558126947259159e-01 3.277128967204224336e-02
5.424657534246575263e-01 0.000000000000000000e+00 2.169651428706362295e-01 2.445333331630532292e-01 4.927404267347720079e+00 4.820392049065916673e+00 2.658677559211866104e-01 5.376600878888396773e-01 1.761063735976424460e-01 3.251325402234686579e-02
5.397260273972602773e-01 0.000000000000000000e+00 2.170812764852378118e-01 2.446493912139837135e-01 4.927288549275851359e+00 4.820507200781628754e+00 2.659839797665991545e-01 5.375441507119169682e-01 1.759930622570877179e-01 3.262942139494624111e-02
5.369863013698630283e-01 0.000000000000000000e+00 2.174381000377147155e-01 2.450060337680698141e-01 4.926932722683779353e+00 4.820861666585913419e+00 2.663410193342929388e-01 5.371877978441553791e-01 1.756430490931669419e-01 3.298632578594819231e-02
5.342465753424657793e-01 0.000000000000000000e+00 2.173764040462896618e-01 2.449443597893100899e-01 4.926994297146098489e+00 4.820800258100238267e+00 2.662792970884482746e-01 5.372494365713854636e-01 1.757039101996339947e-01 3.292461996584471196e-02
5.315068493150685303e-01 0.000000000000000000e+00 2.171619973027563988e-01 2.447300270610361927e-01 4.927208295149762662e+00 4.820586818381495497e+00 2.660648020741006592e-01 5.374636507616122882e-01 1.759155069668147109e-01 3.271018017557689173e-02
5.287671232876712812e-01 0.000000000000000000e+00 2.160520192556695807e-01 2.436203490179763287e-01 4.928316613514815536e+00 4.819480765227749153e+00 2.649544663844438652e-01 5.385728481948208746e-01 1.770140496321511991e-01 3.160006819752687879e-02
5.232876712328766722e-01 0.000000000000000000e+00 2.158808341642343698e-01 2.434492063608928725e-01 4.928487563678930705e+00 4.819310135597841160e+00 2.647832307141806951e-01 5.387439228634404165e-01 1.771836146185191141e-01 3.142886416302959063e-02
5.205479452054794232e-01 0.000000000000000000e+00 2.159646986052541073e-01 2.435330569042748472e-01 4.928403776464453045e+00 4.819393817857588580e+00 2.648671117094881788e-01 5.386600945941981688e-01 1.771002829916743515e-01 3.151273480759929357e-02
5.178082191780821741e-01 0.000000000000000000e+00 2.162906034503675468e-01 2.438589124281630716e-01 4.928078145970005153e+00 4.819719075949368658e+00 2.651930752939920533e-01 5.383343181248025910e-01 1.767762708047239117e-01 3.183866166819069449e-02
5.150684931506849251e-01 0.000000000000000000e+00 2.162629204432953700e-01 2.438312292876724241e-01 4.928105829451903119e+00 4.819691391294835370e+00 2.651653924540744445e-01 5.383620014760672756e-01 1.768039581578140507e-01 3.181097872047618236e-02
5.123287671232876761e-01 0.000000000000000000e+00 2.166636058480813087e-01 2.442318737090918568e-01 4.927705373249255061e+00 4.820091538717187873e+00 2.655661266290280098e-01 5.379614227614302191e-01 1.764048498718483737e-01 3.221168241946189420e-02
5.095890410958904271e-01 0.000000000000000000e+00 2.118140576065997427e-01 2.390944768126554432e-01 4.929720264964967846e+00 4.813285534497772744e+00 2.614030088415821296e-01 5.434442490318817098e-01 1.848857367105452565e-01 2.888381088113834913e-02
5.013698630136986800e-01 0.000000000000000000e+00 2.122133224034677690e-01 2.396180384014411913e-01 4.930541671342663967e+00 4.814332639131698066e+00 2.614788366276495912e-01 5.427841014746910275e-01 1.835834766869640644e-01 2.856096268825896942e-02
4.986301369863013755e-01 0.000000000000000000e+00 2.135324691491663485e-01 2.413025379064833165e-01 4.932974270271792250e+00 4.817211104061772886e+00 2.617390698845453167e-01 5.407334820925570051e-01 1.803109359189729033e-01 2.748000518143675977e-02
4.958904109589041265e-01 0.000000000000000000e+00 2.165838063201813435e-01 2.450999748717341831e-01 4.938107773956844859e+00 4.823015065316679006e+00 2.623667611434018498e-01 5.362489627928033187e-01 1.739886139314235081e-01 2.494454054857059289e-02
4.931506849315068219e-01 0.000000000000000000e+00 2.163006103046574147e-01 2.447521291791888709e-01 4.937652540028033776e+00 4.822510703102860674e+00 2.623073135888020491e-01 5.366535202568060159e-01 1.745286099020953441e-01 2.518151403061838836e-02
4.904109589041095729e-01 0.000000000000000000e+00 2.109151977243935161e-01 2.383688855371528525e-01 4.929830329357584695e+00 4.814114756069204581e+00 2.610847752198384719e-01 5.438296166085696548e-01 1.833103877006565796e-01 2.979164140210849299e-02
4.849315068493150749e-01 0.000000000000000000e+00 2.108422271146989657e-01 2.382850917082954267e-01 4.929732680599433259e+00 4.814012138012348174e+00 2.610667456402719910e-01 5.439212959731449804e-01 1.834161781280063130e-01 2.985551154977009181e-02
4.821917808219178259e-01 0.000000000000000000e+00 2.109756016768218334e-01 2.384372697842314093e-01 4.929908240360884264e+00 4.814195864806854352e+00 2.611002516266786588e-01 5.437557055713081455e-01 1.832273045347140861e-01 2.973824679017656250e-02
4.794520547945205213e-01 0.000000000000000000e+00 2.124419597792102377e-01 2.400770817245235500e-01 4.931749183990365104e+00 4.816103255887784762e+00 2.614947838869470798e-01 5.419985367550071986e-01 1.812790454464793533e-01 2.842859249454088993e-02
4.767123287671232723e-01 0.000000000000000000e+00 2.130005978791328913e-01 2.406908507159412625e-01 4.932423246192527699e+00 4.816796378821954328e+00 2.616563644397030819e-01 5.413491114033972540e-01 1.805744108993894148e-01 2.792221322495484076e-02
4.739726027397260233e-01 0.000000000000000000e+00 2.147434657169596806e-01 2.425796499744386769e-01 4.934464624647861619e+00 4.818884450402723729e+00 2.621943961900944364e-01 5.393691831574730644e-01 1.784585021256007709e-01 2.632317357637731225e-02
4.712328767123287743e-01 0.000000000000000000e+00 2.068964324790277531e-01 2.343414248350070006e-01 4.926457169666583980e+00 4.810244039231768909e+00 2.587419996974991698e-01 5.478208238567904287e-01 1.871118698418228199e-01 3.238612047986644260e-02
4.657534246575342207e-01 0.000000000000000000e+00 2.069951788074484156e-01 2.344247937731408216e-01 4.926402223367967181e+00 4.810283284997884046e+00 2.588784630744985216e-01 5.477518810003716432e-01 1.870877182712725462e-01 3.249510188930857663e-02
4.630136986301369162e-01 0.000000000000000000e+00 2.076462831471062587e-01 2.350024955140866123e-01 4.925989604359734209e+00 4.810588318182320577e+00 2.596691153152950182e-01 5.472530768102646936e-01 1.868954864856653408e-01 3.318938001007185751e-02
4.602739726027397227e-01 0.000000000000000000e+00 2.079371092262548848e-01 2.352669438596479423e-01 4.925791795581600852e+00 4.810737831781464635e+00 2.600044608992804762e-01 5.470192520731664843e-01 1.867997467623796759e-01 3.349476055265167285e-02
4.575342465753424737e-01 0.000000000000000000e+00 2.079873295030142677e-01 2.353111511500703690e-01 4.925762425198249694e+00 4.810757522966337518e+00 2.600646808709937141e-01 5.469819823887923649e-01 1.867889272091552422e-01 3.354828131141056324e-02
4.547945205479452246e-01 0.000000000000000000e+00 2.085461692462100836e-01 2.358407581627385008e-01 4.925324111720600584e+00 4.811111418192326461e+00 2.606655904395540069e-01 5.464909904462047496e-01 1.865484555893088536e-01 3.412181497948107295e-02
4.520547945205479201e-01 0.000000000000000000e+00 2.073743128510706635e-01 2.347177282391542663e-01 4.926284080470310300e+00 4.810316078522452798e+00 2.594263492076989142e-01 5.475469972675072183e-01 1.871038067520439385e-01 3.292603726282934684e-02
4.465753424657534221e-01 0.000000000000000000e+00 2.073715890639290793e-01 2.347161788418215544e-01 4.926282168276091333e+00 4.810320556106136181e+00 2.594219226467062711e-01 5.475470302581062487e-01 1.870977590170365135e-01 3.292271914542055367e-02
4.438356164383561731e-01 0.000000000000000000e+00 2.074303243281842013e-01 2.347731968012706782e-01 4.926231405283958864e+00 4.810364173445564440e+00 2.594829145360396105e-01 5.474924851851125096e-01 1.870659921123425939e-01 3.298227037600455491e-02
4.410958904109589240e-01 0.000000000000000000e+00 2.075842408896126923e-01 2.349240224506683739e-01 4.926092509112002027e+00 4.810488066022435838e+00 2.596407778253557730e-01 5.473462473737664702e-01 1.869704899254520380e-01 3.313762889698197017e-02
4.383561643835616195e-01 0.000000000000000000e+00 2.084764959347273627e-01 2.358014260854155442e-01 4.925273918042907262e+00 4.811229406378366491e+00 2.605517624346009309e-01 5.464911824327746137e-01 1.863847006414143526e-01 3.403675739454103955e-02
4.356164383561643150e-01 0.000000000000000000e+00 2.086605802956566225e-01 2.359829666991310193e-01 4.925102669572070546e+00 4.811386615741557904e+00 2.607390228112423936e-01 5.463135100351166340e-01 1.862574620095638900e-01 3.422201145539229689e-02
4.328767123287671215e-01 0.000000000000000000e+00 2.070450715741151415e-01 2.343852447893492175e-01 4.926626893920922790e+00 4.809966589542108650e+00 2.591015162095873237e-01 5.478838970532081687e-01 1.874400410612074019e-01 3.259837396039292484e-02
4.273972602739726234e-01 0.000000000000000000e+00 2.069860857692591705e-01 2.343267205923381113e-01 4.926683463958405618e+00 4.809912920505237111e+00 2.590419655230996043e-01 5.479417033204371235e-01 1.874865098386335194e-01 3.253917864367786295e-02
4.246575342465753189e-01 0.000000000000000000e+00 2.070957169582363089e-01 2.344354803777916885e-01 4.926578395908101093e+00 4.810012502371818321e+00 2.591526626685014545e-01 5.478342993470003419e-01 1.874005462733442096e-01 3.264920524418152281e-02
4.219178082191780144e-01 0.000000000000000000e+00 2.069632890513291024e-01 2.343037729826158988e-01 4.926706994593785360e+00 4.809888693558342254e+00 2.590193601559853120e-01 5.479648757377002521e-01 1.875115383971962535e-01 3.251645203655027794e-02
4.191780821917808209e-01 0.000000000000000000e+00 2.072725385887251859e-01 2.346115545804893232e-01 4.926405583775411046e+00 4.810180173497689893e+00 2.593303872103488450e-01 5.476594049128817865e-01 1.872472972323961649e-01 3.282636326678034511e-02
4.164383561643835163e-01 0.000000000000000000e+00 2.068758338426527621e-01 2.342163518961535296e-01 4.926794216809274651e+00 4.809801942026641797e+00 2.589318694368237250e-01 5.480522343466133206e-01 1.875959856437686146e-01 3.242898285921064216e-02
4.136986301369863228e-01 0.000000000000000000e+00 2.037427704146248519e-01 2.310276193175073711e-01 4.929214635894432206e+00 4.806388520650031637e+00 2.559484649081107399e-01 5.513015706269218663e-01 1.910595611826559626e-01 2.965279597136916134e-02
4.054794520547945202e-01 0.000000000000000000e+00 2.037313574082854906e-01 2.310120496077996688e-01 4.929187493900252015e+00 4.806351200536862933e+00 2.559464285784828763e-01 5.513221629626162690e-01 1.911094658647869982e-01 2.966183244324850643e-02
4.027397260273972157e-01 0.000000000000000000e+00 2.045662343564213503e-01 2.320720604488174521e-01 4.930695500106764051e+00 4.808116750703059772e+00 2.561126557101076062e-01 5.500405546207131069e-01 1.891226494967772342e-01 2.897559019311796158e-02
4.000000000000000222e-01 0.000000000000000000e+00 2.048151984187612795e-01 2.323826854984758217e-01 4.931117345111899475e+00 4.808594679967308494e+00 2.561635918995721073e-01 5.496728463960841582e-01 1.886013022840219155e-01 2.876904917218617991e-02
3.972602739726027177e-01 0.000000000000000000e+00 2.051232474803991457e-01 2.327566176500260042e-01 4.931596181149033420e+00 4.809119649509831618e+00 2.562299595789860884e-01 5.492428102449575800e-01 1.880435762235583563e-01 2.850932701384369800e-02
3.945205479452054131e-01 0.000000000000000000e+00 1.972847733981390461e-01 2.238774682176165043e-01 4.922914677213329426e+00 4.798395493059762096e+00 2.531307163559357587e-01 5.589048317906547547e-01 1.990071580963916342e-01 3.274328548961424196e-02
3.890410958904109151e-01 0.000000000000000000e+00 1.970089998332731906e-01 2.236287882118561388e-01 4.923097629163817324e+00 4.798258363694893447e+00 2.528074309050983293e-01 5.591228763236014698e-01 1.990944272516149693e-01 3.245224365817906548e-02
3.863013698630137216e-01 0.000000000000000000e+00 1.973669644050035366e-01 2.239592986633044680e-01 4.922841860529754143e+00 4.798455506996780251e+00 2.532089356772102007e-01 5.588257734662426257e-01 1.989661690049484011e-01 3.282482825823195699e-02
3.835616438356164171e-01 0.000000000000000000e+00 1.979730164751870025e-01 2.245307914274808636e-01 4.922375257404222104e+00 4.798828494406421896e+00 2.538656812756807102e-01 5.582991736754577827e-01 1.987152057428230312e-01 3.344845279519450404e-02
3.808219178082191125e-01 0.000000000000000000e+00 1.979291092434679322e-01 2.244899043963100305e-01 4.922407069226505172e+00 4.798804412950151921e+00 2.538173611712509770e-01 5.583361474319168405e-01 1.987301797959746263e-01 3.340301205112954086e-02
3.780821917808219190e-01 0.000000000000000000e+00 1.979270360748713875e-01 2.244887343308174243e-01 4.922405662405590299e+00 4.798807623994297167e+00 2.538139553623755540e-01 5.583361720613744250e-01 1.987259851052879944e-01 3.340047679315449880e-02
3.753424657534246145e-01 0.000000000000000000e+00 1.914710298396344323e-01 2.177189739879134278e-01 4.923693215797937839e+00 4.791316335306502694e+00 2.483795648583435045e-01 5.653942615254837767e-01 2.060536226466697374e-01 2.958323157280290036e-02
3.698630136986301165e-01 0.000000000000000000e+00 1.914933025429549074e-01 2.177474556700329522e-01 4.923734475809408373e+00 4.791365242296757643e+00 2.483839476197350071e-01 5.653595362068776220e-01 2.059979487933966125e-01 2.956499525155057220e-02
3.671232876712328119e-01 0.000000000000000000e+00 1.921663668385588108e-01 2.185822095014426092e-01 4.924854636043979994e+00 4.792626477814188490e+00 2.485233122430667574e-01 5.643773152784105074e-01 2.046286521496044619e-01 2.900458192031584587e-02
3.643835616438356184e-01 0.000000000000000000e+00 1.929314848121994608e-01 2.195112091506661589e-01 4.926045135472385539e+00 4.793932295059889270e+00 2.486881111544878009e-01 5.633085684066582166e-01 2.032408008947581557e-01 2.835957301739570197e-02
3.616438356164383139e-01 0.000000000000000000e+00 1.934288319200783424e-01 2.201003158781061897e-01 4.926766257758738554e+00 4.794705944130444486e+00 2.488012042246037780e-01 5.626466752897807400e-01 2.024318649794800418e-01 2.793363035625330559e-02
3.589041095890411204e-01 0.000000000000000000e+00 1.942172563093549353e-01 2.210148970859902029e-01 4.927847902538968761e+00 4.795849187990114615e+00 2.489901543310422405e-01 5.616378277143579956e-01 2.012488026139793440e-01 2.724869807019757173e-02
3.561643835616438158e-01 0.000000000000000000e+00 1.908824628980410887e-01 2.172260432428963772e-01 4.923502117316559179e+00 4.791310965350267459e+00 2.481402869480711093e-01 5.657472249659741825e-01 2.059077253343007674e-01 3.019038172644099294e-02
3.506849315068493178e-01 0.000000000000000000e+00 1.906932811430609442e-01 2.170153142495198084e-01 4.923266691757708813e+00 4.791067450222570301e+00 2.480885529444347426e-01 5.659724022544341260e-01 2.061561985752141390e-01 3.035990571751291320e-02
3.479452054794520133e-01 0.000000000000000000e+00 1.917372617084490694e-01 2.181622885792773303e-01 4.924526212039472384e+00 4.792362523888222370e+00 2.483903448889041021e-01 5.647588561895598991e-01 2.048396598221942366e-01 2.941360135709935805e-02
3.452054794520548198e-01 0.000000000000000000e+00 1.921394804702248882e-01 2.185977591153603072e-01 4.924996341038265335e+00 4.792843236038695665e+00 2.485151479235881422e-01 5.643026718310569789e-01 2.043526436731077089e-01 2.904424685228351385e-02
3.424657534246575152e-01 0.000000000000000000e+00 1.926274689801930617e-01 2.191201284080555867e-01 4.925553264705669676e+00 4.793410447850338763e+00 2.486764446814891394e-01 5.637594917849172438e-01 2.037793630118928390e-01 2.859138995480910855e-02
3.397260273972602107e-01 0.000000000000000000e+00 1.944538436606189635e-01 2.210515890020887941e-01 4.927586551112823621e+00 4.795473322910248193e+00 2.493319693912092183e-01 5.617662492549128084e-01 2.016991925947058117e-01 2.687626678186698370e-02
3.369863013698630172e-01 0.000000000000000000e+00 1.924749750284083516e-01 2.189772955672464605e-01 4.925422241101940379e+00 4.793283306753179041e+00 2.485701987522525580e-01 5.638954496308568043e-01 2.039041382794112289e-01 2.875135423520177452e-02
3.315068493150685192e-01 0.000000000000000000e+00 1.920402635369385658e-01 2.185252256957115891e-01 4.924954175098043230e+00 4.792810739503214457e+00 2.483899045222925650e-01 5.643573206727767744e-01 2.043793056516854667e-01 2.916672233744523057e-02
3.287671232876712146e-01 0.000000000000000000e+00 1.931818963387868515e-01 2.197055692949860251e-01 4.926169572918893458e+00 4.794035895509439982e+00 2.488935566915544684e-01 5.631554271378350629e-01 2.031485352010132805e-01 2.806903789838937832e-02
3.260273972602739101e-01 0.000000000000000000e+00 1.941906263068793603e-01 2.207421208872992480e-01 4.927230882173110338e+00 4.795104024953023014e+00 2.493749895536805372e-01 5.621036057681015885e-01 2.020764969393463450e-01 2.709250397242053687e-02
3.232876712328767166e-01 0.000000000000000000e+00 1.951323836206635132e-01 2.217046974193888631e-01 4.928211710420766778e+00 4.796089837686199786e+00 2.498626328151727083e-01 5.611297409014964765e-01 2.010878369748936856e-01 2.617524564554058256e-02
3.205479452054794121e-01 0.000000000000000000e+00 1.947133560063485369e-01 2.212779573971710156e-01 4.927778279303476339e+00 4.795654589976163784e+00 2.496314940620308898e-01 5.615606272466591165e-01 2.015241199026893137e-01 2.658508970120815676e-02
3.123287671232876095e-01 0.000000000000000000e+00 1.948702855420831326e-01 2.214369111984487437e-01 4.927938962676613244e+00 4.795815739136546796e+00 2.497285831237915643e-01 5.614005985980011770e-01 2.013627062755189712e-01 2.643061330133831752e-02
3.095890410958904160e-01 0.000000000000000000e+00 1.947593982862712847e-01 2.213246786321447779e-01 4.927825583173670587e+00 4.795702051090745321e+00 2.496587101018493682e-01 5.615135442302008340e-01 2.014765694083235636e-01 2.653986608442073999e-02
3.068493150684931114e-01 0.000000000000000000e+00 1.948479291266193292e-01 2.214139912904118379e-01 4.927915556161658550e+00 4.795792200976994657e+00 2.497196501622383769e-01 5.614238202802644961e-01 2.013863194038684745e-01 2.645229543424355845e-02
3.041095890410959179e-01 0.000000000000000000e+00 1.945070784300804989e-01 2.210703174570869678e-01 4.927569501834799581e+00 4.795445509345539925e+00 2.494812139613647173e-01 5.617689773255082342e-01 2.017333715389937610e-01 2.678967227810472723e-02
3.013698630136986134e-01 0.000000000000000000e+00 1.942526160993657547e-01 2.208140915743615207e-01 4.927311794842984760e+00 4.795187406358391691e+00 2.492954437847563209e-01 5.620261268270262400e-01 2.019916982153091289e-01 2.704195462412435635e-02
2.986301369863013089e-01 0.000000000000000000e+00 1.935276126555220411e-01 2.200849988170538174e-01 4.926579280708620168e+00 4.794453978205361011e+00 2.487416980224725072e-01 5.627573550240715372e-01 2.027256418487059508e-01 2.776188154049077580e-02
2.931506849315068108e-01 0.000000000000000000e+00 1.936997414272536855e-01 2.202578673358284445e-01 4.926752765645685095e+00 4.794627627818599080e+00 2.488802194603726980e-01 5.625841013588775974e-01 2.025518995711877990e-01 2.759067512349167722e-02
2.904109589041095063e-01 0.000000000000000000e+00 1.939302566088469959e-01 2.204893730281216047e-01 4.926985096324416169e+00 4.794860178833700637e+00 2.490653531999262316e-01 5.623520801614837472e-01 2.023192245834182501e-01 2.736139565864051382e-02
2.876712328767123128e-01 0.000000000000000000e+00 1.945194279390525249e-01 2.210803292061761238e-01 4.927577533328889814e+00 4.795453012077497412e+00 2.495660130580463487e-01 5.617601974455251890e-01 2.017261691336875995e-01 2.677445943920604698e-02
2.849315068493150083e-01 0.000000000000000000e+00 1.947033937373837398e-01 2.212647788519264413e-01 4.927762383770222243e+00 4.795637969892804442e+00 2.497252318639193447e-01 5.615754968732892261e-01 2.015411512025600260e-01 2.659110041973531541e-02
2.821917808219178148e-01 0.000000000000000000e+00 1.929939257096394412e-01 2.195517519362598091e-01 4.926046415563114955e+00 4.793921211414973627e+00 2.482053780041840463e-01 5.632903672081585045e-01 2.032583507709188886e-01 2.829609734829343151e-02
2.794520547945205102e-01 0.000000000000000000e+00 1.935692597993856345e-01 2.201280588658010018e-01 4.926623524922980835e+00 4.794498537136385075e+00 2.487272520124498010e-01 5.627135568180768876e-01 2.026809046852703078e-01 2.772198705202227886e-02
2.739726027397260122e-01 0.000000000000000000e+00 1.936040850580720563e-01 2.201629668893971825e-01 4.926658501343839092e+00 4.794533531888127698e+00 2.487576086139164366e-01 5.626786059438420029e-01 2.026458996863645390e-01 2.768726584330495621e-02
2.712328767123287077e-01 0.000000000000000000e+00 1.944640555656713954e-01 2.210239317502610823e-01 4.927520283326400907e+00 4.795395536255615987e+00 2.495604223053321524e-01 5.618171271286385160e-01 2.017837725742975541e-01 2.682854846705853835e-02
2.684931506849315141e-01 0.000000000000000000e+00 1.951035936718780173e-01 2.216640649740203861e-01 4.928160904452990820e+00 4.796036291155611586e+00 2.501650857344402956e-01 5.611766864638224606e-01 2.011429442729173456e-01 2.618976091554814020e-02
2.657534246575342096e-01 0.000000000000000000e+00 1.955201033667026411e-01 2.220808954738827390e-01 4.928577997360402030e+00 4.796453456586588615e+00 2.505625240015089128e-01 5.607596902975958697e-01 2.007257392948066377e-01 2.577365603547526057e-02
2.630136986301369051e-01 0.000000000000000000e+00 1.959063787751290642e-01 2.224674173116075460e-01 4.928964720246931108e+00 4.796840235577445988e+00 2.509339728068024078e-01 5.603730412423093554e-01 2.003389299355402553e-01 2.538769172689918710e-02
2.602739726027397116e-01 0.000000000000000000e+00 1.972996057438620165e-01 2.238613588776732499e-01 4.930359242772925477e+00 4.798234922464258645e+00 2.522837168795248886e-01 5.589787308818210398e-01 1.989441549998920145e-01 2.399536725442722243e-02
2.547945205479452135e-01 0.000000000000000000e+00 1.974036274485567455e-01 2.239654270585343943e-01 4.930463348640432564e+00 4.798339039104415171e+00 2.523848918740927427e-01 5.588746387195074883e-01 1.988400326332602774e-01 2.389140426015973553e-02
2.520547945205479090e-01 0.000000000000000000e+00 1.980056558071427442e-01 2.245676640094834975e-01 4.931065753778111294e+00 4.798941493439897066e+00 2.529740294845749804e-01 5.582722941633495584e-01 1.982375525890462675e-01 2.328963948255274169e-02
2.493150684931506877e-01 0.000000000000000000e+00 1.988199963086737521e-01 2.253822331639905585e-01 4.931880506218615956e+00 4.799756300786251373e+00 2.537741524865157472e-01 5.574576070771453118e-01 1.974227170484331995e-01 2.247558796807623549e-02
2.465753424657534110e-01 0.000000000000000000e+00 1.994613013411486446e-01 2.260236891967455086e-01 4.932522082577507128e+00 4.800397914062005000e+00 2.544060270976712945e-01 5.568160731746617520e-01 1.967810851429104557e-01 2.183447380536552088e-02
2.438356164383561064e-01 0.000000000000000000e+00 1.997828387732996369e-01 2.263452879565275577e-01 4.932843729788642939e+00 4.800719576655913201e+00 2.547237181673176476e-01 5.564944427936661109e-01 1.964594149756033747e-01 2.151301390250465878e-02
2.410958904109589129e-01 0.000000000000000000e+00 1.995199500735406750e-01 2.260823590430098839e-01 4.932580769459149472e+00 4.800456605907119645e+00 2.544633606835179918e-01 5.567573924385540440e-01 1.967223906969200187e-01 2.177585176062090191e-02
2.356164383561643871e-01 0.000000000000000000e+00 1.998600268331591490e-01 2.264224786294325165e-01 4.932920922094790939e+00 4.800796770023581850e+00 2.548007346123302708e-01 5.564172507768019305e-01 1.963822212769918141e-01 2.143582914862026192e-02
2.328767123287671104e-01 0.000000000000000000e+00 2.000486812808292547e-01 2.266111535971293833e-01 4.933109612723386661e+00 4.800985466317675865e+00 2.549880917117962609e-01 5.562285652331335761e-01 1.961935224383722365e-01 2.124720064569778077e-02
2.301369863013698058e-01 0.000000000000000000e+00 2.000973236676382994e-01 2.266597983341161471e-01 4.933158259071232621e+00 4.801034113487656185e+00 2.550365843639251229e-01 5.561799192858805085e-01 1.961448749732366270e-01 2.119856122993941938e-02
2.273972602739726123e-01 0.000000000000000000e+00 2.000929527087676463e-01 2.266554275791290984e-01 4.933153888514033802e+00 4.801029742946704815e+00 2.550322006648834683e-01 5.561842899355760039e-01 1.961492454897761084e-01 2.120293244677261962e-02
2.246575342465753078e-01 0.000000000000000000e+00 2.001197362213080477e-01 2.266822122240266246e-01 4.933180673912511693e+00 4.801056528762785547e+00 2.550589120851944891e-01 5.561575047076376954e-01 1.961224595310060437e-01 2.117615036554696892e-02
2.219178082191780865e-01 0.000000000000000000e+00 2.005481374865410171e-01 2.271106317961893717e-01 4.933609105699120256e+00 4.801484967271253623e+00 2.554861481688242009e-01 5.557290757092041567e-01 1.956940187162578282e-01 2.074777224048929627e-02
2.164383561643835052e-01 0.000000000000000000e+00 2.008706019535239362e-01 2.274331084491703348e-01 4.933931590230850261e+00 4.801807456516614003e+00 2.558078365705960255e-01 5.554065927828067961e-01 1.953715279304790164e-01 2.042532317537422773e-02
2.136986301369863117e-01 0.000000000000000000e+00 2.009250854355734139e-01 2.274875945309342284e-01 4.933986078089997562e+00 4.801861945289547684e+00 2.558621545541658882e-01 5.553521053622656467e-01 1.953170388309393435e-01 2.037084297970883848e-02
2.109589041095890072e-01 0.000000000000000000e+00 2.018781572395684509e-01 2.284406902461521838e-01 4.934939187102961533e+00 4.802815065606194977e+00 2.568137010891676786e-01 5.543989973472416288e-01 1.943639154464437691e-01 1.941780138420137053e-02
2.082191780821917027e-01 0.000000000000000000e+00 2.019778962041912374e-01 2.288869997603784900e-01 4.928826713341401877e+00 4.802879899509195027e+00 2.721788175614737182e-01 5.544826764978205702e-01 1.944669643638255729e-01 1.804846620605303487e-02
2.054794520547945091e-01 0.000000000000000000e+00 2.027337696353812280e-01 2.295223840759157696e-01 4.930383755703473980e+00 4.803647278743447657e+00 2.705247246950769346e-01 5.536678320390013841e-01 1.936460834244414786e-01 1.778507357467291536e-02
2.027397260273972046e-01 0.000000000000000000e+00 2.038178248049209718e-01 2.304641772191921845e-01 4.932099399677100315e+00 4.804744191552348553e+00 2.687613505466155406e-01 5.525192077032339277e-01 1.924910353618312919e-01 1.736479253663747793e-02
1.945205479452054020e-01 0.000000000000000000e+00 2.050515138150339756e-01 2.315614856837496793e-01 4.933821930927327237e+00 4.805989724848717337e+00 2.670091505071991445e-01 5.512268506754351982e-01 1.911929527799547668e-01 1.684344617704146979e-02
1.917808219178082085e-01 0.000000000000000000e+00 2.064965960712259740e-01 2.328765615960683433e-01 4.935662670805860408e+00 4.807445683103567013e+00 2.651477405994210335e-01 5.497285419484955193e-01 1.896895360857421831e-01 1.617021941847011576e-02
1.890410958904109040e-01 0.000000000000000000e+00 2.078121260712456342e-01 2.340942605871945970e-01 4.937245321261228170e+00 4.808769171199909209e+00 2.635523822482530587e-01 5.483743986025132466e-01 1.883317312602657279e-01 1.550448466087835792e-02
1.863013698630137105e-01 0.000000000000000000e+00 2.086681479021401941e-01 2.348990602045714915e-01 4.938229274519660983e+00 4.809629255779165113e+00 2.625627693969975751e-01 5.474988094350462520e-01 1.874543056959173670e-01 1.503172062493099946e-02
1.835616438356164060e-01 0.000000000000000000e+00 2.041508437657836572e-01 2.306141616804392447e-01 4.933160635581301356e+00 4.805093798327955135e+00 2.676548167625756314e-01 5.521031631562700603e-01 1.920667792072915936e-01 1.766612488433109973e-02
1.753424657534246034e-01 0.000000000000000000e+00 2.056758413091560878e-01 2.320743285394412658e-01 4.934832173385970577e+00 4.806623783435063579e+00 2.659772824606538300e-01 5.505543494173937846e-01 1.905157569715157651e-01 1.671664334958051015e-02
1.726027397260274099e-01 0.000000000000000000e+00 2.061862645661609872e-01 2.325670633584371316e-01 4.935380989793240580e+00 4.807135549607846059e+00 2.654269416746252164e-01 5.500375364659116917e-01 1.899983544611782704e-01 1.637794840736664717e-02
1.698630136986301054e-01 0.000000000000000000e+00 2.066189948578892877e-01 2.329884211959852569e-01 4.935837421095264688e+00 4.807569131513700356e+00 2.649695966174016593e-01 5.496007687521735630e-01 1.895612161221620906e-01 1.606800034654553774e-02
1.671232876712328008e-01 0.000000000000000000e+00 2.060708545957378457e-01 2.324533192371782131e-01 4.935262470451666772e+00 4.807020019370852104e+00 2.655455709124013852e-01 5.501535111038562409e-01 1.901143802170470742e-01 1.647005146129169526e-02
1.643835616438356073e-01 0.000000000000000000e+00 2.060066563194896949e-01 2.323907434899370739e-01 4.935194948154681072e+00 4.806955700287949718e+00 2.656132197287011110e-01 5.502182812376376075e-01 1.901792027332526724e-01 1.651603359329433668e-02
1.589041095890411093e-01 0.000000000000000000e+00 2.071096279344590008e-01 2.334759775584079045e-01 4.936333093319522192e+00 4.808059977230562332e+00 2.644737652133799521e-01 5.491091484859548233e-01 1.890695079929738398e-01 1.563685794434720167e-02
1.561643835616438047e-01 0.000000000000000000e+00 2.073407795674461762e-01 2.337041461227801487e-01 4.936570076463865142e+00 4.808291347257519277e+00 2.642365670827903634e-01 5.488769673221193246e-01 1.888372330965933099e-01 1.544541772409025425e-02
1.534246575342465002e-01 0.000000000000000000e+00 2.076904832898248954e-01 2.340501645909245920e-01 4.936926907738069303e+00 4.808641319722732455e+00 2.638794749031361797e-01 5.485259978772930589e-01 1.884861485805032488e-01 1.514692467986810537e-02
1.506849315068493067e-01 0.000000000000000000e+00 2.083291733253111455e-01 2.346831714325314233e-01 4.937576506718910352e+00 4.809280423033025720e+00 2.632294785539531223e-01 5.478853626242365937e-01 1.878453366640405742e-01 1.458976678789216004e-02
1.479452054794520022e-01 0.000000000000000000e+00 2.089488353798751863e-01 2.352984005959167513e-01 4.938204613146389477e+00 4.809900406510232429e+00 2.626010659900170352e-01 5.472641885856296406e-01 1.872240254570548268e-01 1.403590071317696412e-02
1.452054794520546976e-01 0.000000000000000000e+00 2.077961372354235059e-01 2.341525062090226705e-01 4.937039026250418239e+00 4.808747216099132693e+00 2.637671186103632825e-01 5.484192014500770540e-01 1.883792481397951468e-01 1.508496987166726977e-02
1.369863013698630061e-01 0.000000000000000000e+00 2.092572993275121085e-01 2.356066492092610265e-01 4.938513421094489431e+00 4.810208885061590500e+00 2.622922468586327827e-01 5.469556566669906417e-01 1.869154875444754282e-01 1.373322220615594454e-02
1.342465753424657016e-01 0.000000000000000000e+00 2.098732619079508033e-01 2.362201404655571713e-01 4.939134026287211654e+00 4.810825025843144864e+00 2.616714746295281668e-01 5.463388565392679475e-01 1.862986116029716477e-01 1.315646070283248321e-02
1.315068493150683970e-01 0.000000000000000000e+00 2.106817043258097100e-01 2.370259821248274501e-01 4.939947337751224410e+00 4.811633655514048868e+00 2.608579882027491359e-01 5.455295340957099226e-01 1.854892095554856735e-01 1.238999314910295933e-02
1.287671232876712035e-01 0.000000000000000000e+00 2.113023042266722884e-01 2.376449127523273530e-01 4.940571055406596912e+00 4.812254375468659973e+00 2.602341585768098708e-01 5.449083699713754836e-01 1.848679944216969073e-01 1.179666319981700386e-02
1.260273972602738990e-01 0.000000000000000000e+00 2.111399638456559757e-01 2.374829628131174819e-01 4.940407986860970269e+00 4.812092007027144014e+00 2.603972532674201923e-01 5.450708422347674276e-01 1.850304786037161031e-01 1.195257651119785089e-02
1.205479452054794010e-01 0.000000000000000000e+00 2.118858516612554532e-01 2.382275065816629733e-01 4.941156375113800792e+00 4.812837991299205420e+00 2.596487751700262137e-01 5.443245009354008568e-01 1.842840963577210001e-01 1.122909833368351297e-02
1.178082191780821936e-01 0.000000000000000000e+00 2.127352748286229500e-01 2.390756894329326976e-01 4.942008102174543005e+00 4.813687503384881161e+00 2.587969652282450239e-01 5.434746595700330474e-01 1.834342172592199061e-01 1.040052047731643281e-02
1.150684931506849029e-01 0.000000000000000000e+00 2.133536322223040516e-01 2.396933065221725501e-01 4.942627833000482696e+00 4.814305913797365832e+00 2.581771849072666547e-01 5.428560527000837466e-01 1.828155878968574233e-01 9.794682445010411201e-03
1.123287671232875984e-01 0.000000000000000000e+00 2.138867782021670050e-01 2.402259237042264628e-01 4.943161959032959629e+00 4.814839097610144947e+00 2.576430234754651938e-01 5.423227285950084076e-01 1.822822477456461920e-01 9.270523361025637468e-03
1.095890410958904049e-01 0.000000000000000000e+00 2.143904480301018767e-01 2.407291708843589950e-01 4.943666411550302620e+00 4.815342797647015338e+00 2.571385426141460928e-01 5.418189164445079697e-01 1.817784227851325929e-01 8.774063781186221961e-03
