3.016438356164384160e+00 4.125000000000000194e-02 1.156400000000000136e-02 -3.095029952830128522e-02 4.924783023708824814e+00 3.892716992077861482e-01
3.013698630136986356e+00 4.125000000000000194e-02 1.188199999999999847e-02 -3.016766480387245153e-02 4.925431509689892629e+00 3.884843671800057296e-01
3.010958904109588996e+00 4.125000000000000194e-02 1.172299999999999905e-02 -3.117010975410638290e-02 4.924600880162617322e+00 3.894928282361940775e-01
3.005479452054794720e+00 4.125000000000000194e-02 1.200099999999999952e-02 -3.031080904455789315e-02 4.925312907704463505e+00 3.886283708586093510e-01
3.002739726027397360e+00 4.125000000000000194e-02 1.184600000000000063e-02 -3.129230431526425216e-02 4.924499617108657468e+00 3.896157555693425811e-01
3.000000000000000000e+00 4.125000000000000194e-02 1.169100000000000000e-02 -3.227305700038115427e-02 4.923686929168102466e+00 3.906023926461759110e-01
2.997260273972602196e+00 4.125000000000000194e-02 1.149500000000000001e-02 -2.446700679251851817e-03 4.948710477249256279e+00 3.606111669253851959e-01
2.994520547945205280e+00 4.125000000000000194e-02 1.201900000000000017e-02 -2.252786539558486272e-04 4.950580077999118700e+00 3.583777297132012540e-01
2.991780821917808364e+00 4.125000000000000194e-02 1.315999999999999982e-02 4.870372984074363212e-03 4.954870578456309183e+00 3.532546003154859449e-01
2.986301369863013644e+00 4.125000000000000194e-02 1.322000000000000085e-02 4.663868943867058997e-03 4.954696681841306294e+00 3.534622169408468406e-01
2.983561643835616284e+00 4.125000000000000194e-02 1.294400000000000064e-02 3.135611758151876736e-03 4.953409677363830532e+00 3.549987051741221866e-01
2.980821917808219812e+00 4.125000000000000194e-02 1.345499999999999995e-02 5.269435942115142241e-03 4.955206875513432863e+00 3.528533982771306921e-01
2.978082191780822008e+00 4.125000000000000194e-02 1.366400000000000080e-02 5.995021160207709629e-03 4.955818028254024732e+00 3.521239099788691651e-01
2.975342465753424648e+00 4.125000000000000194e-02 1.609199999999999867e-02 1.695661386451097902e-02 4.965084086946296438e+00 3.411048164353065459e-01
2.972602739726027732e+00 4.125000000000000194e-02 1.487500000000000107e-02 1.110106316814958582e-02 4.960120636509918413e+00 3.469904882739973107e-01
2.964383561643836096e+00 4.125000000000000194e-02 1.570200000000000068e-02 1.415087221860877875e-02 4.962708164711058245e+00 3.439250933796901277e-01
2.961643835616438292e+00 4.125000000000000194e-02 1.577399999999999983e-02 1.422793927171682980e-02 4.962773562930065552e+00 3.438476330335362152e-01
2.958904109589040932e+00 4.125000000000000194e-02 1.526999999999999885e-02 1.166516392825611530e-02 4.960598147656949841e+00 3.464234577196158016e-01
2.956164383561644016e+00 4.125000000000000194e-02 1.470299999999999906e-02 8.813258483407013233e-03 4.958175722997750334e+00 3.492898163853160876e-01
2.953424657534246656e+00 4.125000000000000194e-02 1.469600000000000073e-02 8.532055480663405106e-03 4.957936784683079523e+00 3.495724409233899599e-01
2.945205479452054576e+00 4.125000000000000194e-02 1.436500000000000103e-02 6.269354229852765713e-03 4.956013489599965460e+00 3.518465513747633389e-01
2.942465753424657660e+00 4.125000000000000194e-02 1.561500000000000041e-02 1.173086005267949886e-02 4.960667900082508908e+00 3.463580278125982237e-01
2.939726027397260300e+00 4.125000000000000194e-02 1.605600000000000083e-02 1.348496382345402977e-02 4.962166748040537811e+00 3.445954152262165060e-01
2.936986301369862939e+00 4.125000000000000194e-02 1.577699999999999936e-02 1.196244268982929806e-02 4.960865104881643006e+00 3.461252930844842535e-01
2.934246575342465579e+00 4.125000000000000194e-02 1.569700000000000262e-02 1.134568535615260339e-02 4.960337649789672732e+00 3.467450232236112262e-01
2.928767123287671748e+00 4.125000000000000194e-02 1.488100000000000013e-02 7.132268562751666215e-03 4.956726580548579619e+00 3.509784230593950283e-01
2.926027397260273943e+00 4.125000000000000194e-02 1.436299999999999903e-02 4.525602776361630462e-03 4.954483275178755086e+00 3.535970642229298022e-01
2.923287671232876583e+00 4.125000000000000194e-02 1.332700000000000030e-02 -4.439406237896280057e-04 4.950185374004538730e+00 3.585885693199831747e-01
2.920547945205480111e+00 4.125000000000000194e-02 1.513899999999999968e-02 7.553098777264745031e-03 4.957206778952140347e+00 3.505603925460605841e-01
2.917808219178082307e+00 4.125000000000000194e-02 1.526000000000000099e-02 7.850552475031542105e-03 4.957471720763536815e+00 3.502619241558075358e-01
2.915068493150684947e+00 4.125000000000000194e-02 1.489900000000000078e-02 5.964849642128018659e-03 4.955791292085983457e+00 3.521540285088283762e-01
2.909589041095890227e+00 4.125000000000000194e-02 1.427699999999999976e-02 2.649088424583119928e-03 4.952828410702011297e+00 3.554807467596992621e-01
2.906849315068493311e+00 4.125000000000000194e-02 1.556300000000000044e-02 8.212263330632367866e-03 4.957843085096218516e+00 3.499007769192030159e-01
2.904109589041095951e+00 4.125000000000000194e-02 1.600800000000000139e-02 9.962836285633902902e-03 4.959438584359175728e+00 3.481455363438109574e-01
2.901369863013698591e+00 4.125000000000000194e-02 1.675700000000000106e-02 1.307067508595573073e-02 4.962278512731423952e+00 3.450296669041951758e-01
2.898630136986300787e+00 4.125000000000000194e-02 1.702399999999999747e-02 1.400904866752602541e-02 4.963139661672997249e+00 3.440889938926214864e-01
2.895890410958904315e+00 4.125000000000000194e-02 1.745999999999999983e-02 1.569912040676973292e-02 4.964692083460567673e+00 3.423948295180002654e-01
2.890410958904109595e+00 4.125000000000000194e-02 1.786799999999999847e-02 1.699689834137175365e-02 4.965886589123003958e+00 3.410939908699356371e-01
2.887671232876711791e+00 4.125000000000000194e-02 1.864999999999999991e-02 2.020901820881495711e-02 4.968852884064545172e+00 3.378746240486849572e-01
2.884931506849314875e+00 4.125000000000000194e-02 1.851099999999999968e-02 1.932853771449486238e-02 4.968033422685079081e+00 3.387568817799575527e-01
2.882191780821917959e+00 4.125000000000000194e-02 1.948199999999999932e-02 2.335997845027317638e-02 4.971800882911659336e+00 3.347178044915500861e-01
2.879452054794520599e+00 4.125000000000000194e-02 1.915899999999999895e-02 2.166643723279382955e-02 4.970198592272432769e+00 3.364139360044245963e-01
2.876712328767123239e+00 4.125000000000000194e-02 1.942299999999999929e-02 2.256479966061482323e-02 4.971050413916931809e+00 3.355142569612544201e-01
2.871232876712328963e+00 4.125000000000000194e-02 1.942299999999999929e-02 2.203028157134885590e-02 4.970543216164297284e+00 3.360495470300657872e-01
2.868493150684932047e+00 4.125000000000000194e-02 2.117399999999999838e-02 2.944219469481111975e-02 4.977665403445930892e+00 3.286296229632370003e-01
2.865753424657534243e+00 4.125000000000000194e-02 2.166200000000000070e-02 3.129911402868883197e-02 4.979483636910346789e+00 3.267716627379642080e-01
2.863013698630136883e+00 4.125000000000000194e-02 2.098199999999999718e-02 2.805617268554457325e-02 4.976303816056169005e+00 3.300162985635423096e-01
2.860273972602739523e+00 4.125000000000000194e-02 2.134599999999999692e-02 2.937087586669435632e-02 4.977596028445247178e+00 3.287009938819906996e-01
2.857534246575342607e+00 4.125000000000000194e-02 2.284299999999999872e-02 3.556652719081796615e-02 4.956554845044855995e+00 3.214128682311907514e-01
2.852054794520547887e+00 4.125000000000000194e-02 2.278000000000000164e-02 3.473396738682434093e-02 4.955837753363826259e+00 3.222492284609304036e-01
2.849315068493150527e+00 4.125000000000000194e-02 2.336099999999999982e-02 3.690406648342972606e-02 4.955074975314854413e+00 3.199611230158597719e-01
2.846575342465753611e+00 4.125000000000000194e-02 2.372700000000000156e-02 3.813788545346331882e-02 4.956767818536767400e+00 3.187478365278790249e-01
2.843835616438356251e+00 4.125000000000000194e-02 2.312300000000000119e-02 3.534588519701282322e-02 4.938712948740148434e+00 3.208770025005344140e-01
2.841095890410958891e+00 4.125000000000000194e-02 2.334599999999999870e-02 3.601152177269085347e-02 4.937563595981111497e+00 3.201336158282616640e-01
2.838356164383561087e+00 4.125000000000000194e-02 2.462499999999999759e-02 4.100603424965785365e-02 4.943859389147744920e+00 3.152056042633287203e-01
2.832876712328767699e+00 4.125000000000000194e-02 2.490900000000000059e-02 4.160047810409919083e-02 4.944540083327979119e+00 3.146162314124394399e-01
2.830136986301369895e+00 4.125000000000000194e-02 2.418099999999999764e-02 3.832324441580200330e-02 4.940816492214770150e+00 3.178668819570610871e-01
2.827397260273972535e+00 4.125000000000000194e-02 2.524099999999999955e-02 4.238664579741752841e-02 4.945279520162633169e+00 3.138285781348650882e-01
2.824657534246575175e+00 4.125000000000000194e-02 2.483699999999999797e-02 4.044444179390611904e-02 4.943199721538070079e+00 3.157617982239817600e-01
2.821917808219178259e+00 4.125000000000000194e-02 2.467699999999999755e-02 3.950251177769460026e-02 4.942196026020988953e+00 3.166996639868697172e-01
2.819178082191780899e+00 4.125000000000000194e-02 2.515600000000000128e-02 4.117459153174506808e-02 4.943974176757293115e+00 3.150345863439080740e-01
2.813698630136986178e+00 4.125000000000000194e-02 2.544400000000000134e-02 4.177271129510783804e-02 4.944607443921468892e+00 3.144388029520043260e-01
2.810958904109589263e+00 4.125000000000000194e-02 2.499600000000000086e-02 3.965870650084066945e-02 4.942373637731284575e+00 3.165448179432147069e-01
2.808219178082191902e+00 4.125000000000000194e-02 2.405400000000000246e-02 3.552580824106174595e-02 4.932744792770054509e+00 3.203768183595975261e-01
2.805479452054794542e+00 4.125000000000000194e-02 2.364499999999999935e-02 3.356919667576761801e-02 4.927070587588206152e+00 3.221293894485576237e-01
2.802739726027397182e+00 4.125000000000000194e-02 2.455999999999999850e-02 3.701795361828331965e-02 4.930707243897499481e+00 3.186932096385602931e-01
2.794520547945205102e+00 4.125000000000000194e-02 2.484899999999999956e-02 3.733339514399234421e-02 4.931035539159441150e+00 3.183786461630017106e-01
2.791780821917808186e+00 4.125000000000000194e-02 2.445899999999999810e-02 3.546436308014380701e-02 4.929091839620447502e+00 3.202425710466901276e-01
2.789041095890410826e+00 4.125000000000000194e-02 2.597700000000000009e-02 4.132034068984777320e-02 4.935116368872058068e+00 3.143983380272550310e-01
2.786301369863013910e+00 4.125000000000000194e-02 2.575299999999999812e-02 4.012587005077162400e-02 4.933903628744584324e+00 3.155915100847032084e-01
2.783561643835616994e+00 4.125000000000000194e-02 2.673900000000000235e-02 4.380486753364335600e-02 4.937634555809973236e+00 3.119162111846914276e-01
2.780821917808219190e+00 4.125000000000000194e-02 2.677700000000000219e-02 4.366383594151291431e-02 4.937491950839373978e+00 3.120571301896306604e-01
2.775342465753424470e+00 4.125000000000000194e-02 2.660899999999999724e-02 4.240299359451323719e-02 4.936217135549558321e+00 3.133169724888077989e-01
2.772602739726027998e+00 4.125000000000000194e-02 2.627800000000000274e-02 4.078288192226613151e-02 4.934579929700974255e+00 3.149358595924554027e-01
2.769863013698630194e+00 4.125000000000000194e-02 2.481500000000000025e-02 3.461450856556903821e-02 4.928363323488000880e+00 3.211007606911247536e-01
2.767123287671232834e+00 4.125000000000000194e-02 2.591000000000000247e-02 3.872468961314510377e-02 4.932489747468107311e+00 3.169917563511570613e-01
2.764383561643835474e+00 4.125000000000000194e-02 2.629399999999999793e-02 3.997101364000880952e-02 4.933740002806745295e+00 3.157457175720205234e-01
2.761643835616438558e+00 4.125000000000000194e-02 2.730899999999999994e-02 5.204370653451348416e-02 5.003277449488435558e+00 2.994434312041693858e-01
2.756164383561643838e+00 4.125000000000000194e-02 2.742999999999999952e-02 5.258280964469867064e-02 4.992898588876235166e+00 2.992359785245496395e-01
2.753424657534246478e+00 4.125000000000000194e-02 2.731100000000000194e-02 5.216435040473543089e-02 4.999377749626929379e+00 2.991598444559644965e-01
2.750684931506849118e+00 4.125000000000000194e-02 2.784400000000000069e-02 5.514689279051115944e-02 4.963727255960321827e+00 2.987604504771871894e-01
2.747945205479452202e+00 4.125000000000000194e-02 2.654300000000000062e-02 4.383278269838952051e-02 5.021867841387572362e+00 2.967588375670428547e-01
2.745205479452054842e+00 4.125000000000000194e-02 2.711599999999999774e-02 4.929658810466152480e-02 4.999007134749199111e+00 2.960726940513908612e-01
2.742465753424657038e+00 4.125000000000000194e-02 2.734900000000000178e-02 5.171215196467673220e-02 4.989426478228811135e+00 2.957683244448539028e-01
2.736986301369863206e+00 4.125000000000000194e-02 2.743100000000000052e-02 5.293061546161127728e-02 4.984652610399354700e+00 2.956146664076653163e-01
2.734246575342465846e+00 4.125000000000000194e-02 2.597900000000000209e-02 3.660450655642780854e-02 5.029017339851504786e+00 2.977553694692916531e-01
2.731506849315068486e+00 4.125000000000000194e-02 2.606199999999999836e-02 3.790967550391768914e-02 5.025902350605238489e+00 2.975802883161202672e-01
2.728767123287671126e+00 4.125000000000000194e-02 2.647400000000000100e-02 4.324944431269607537e-02 5.013439990666476831e+00 2.968605389966423869e-01
2.726027397260273766e+00 4.125000000000000194e-02 2.579700000000000049e-02 3.505151166094305076e-02 5.031395483015252523e+00 2.979824283710074129e-01
2.723287671232876850e+00 4.125000000000000194e-02 2.588299999999999976e-02 3.646292056649209218e-02 5.028407729997420361e+00 2.977874886200800320e-01
2.717808219178082130e+00 4.125000000000000194e-02 2.602700000000000152e-02 3.892852584256720205e-02 5.023218562954890665e+00 2.974463856488763769e-01
2.715068493150684770e+00 4.125000000000000194e-02 2.573900000000000146e-02 3.555808314014631544e-02 5.030215147608856796e+00 2.979145374119121503e-01
2.712328767123287854e+00 4.125000000000000194e-02 2.710599999999999815e-02 5.490035634181859858e-02 4.998200684765727431e+00 2.949671207961502284e-01
2.709589041095890494e+00 4.125000000000000194e-02 2.667299999999999879e-02 4.901397163353234804e-02 5.006921934115059258e+00 2.959343249815771237e-01
2.706849315068493134e+00 4.125000000000000194e-02 2.611499999999999932e-02 4.126749659707419637e-02 5.018118005061041664e+00 2.972343023232538739e-01
2.704109589041096218e+00 4.125000000000000194e-02 2.586899999999999963e-02 3.803690969900724167e-02 5.022705187470569932e+00 2.977854169179603439e-01
2.698630136986301054e+00 4.125000000000000194e-02 2.613900000000000251e-02 4.271176744479220078e-02 5.016130138435030972e+00 2.969805081401690749e-01
2.695890410958904138e+00 4.125000000000000194e-02 2.628699999999999787e-02 4.523957456052937059e-02 5.012607950170248294e+00 2.965411333939203531e-01
2.693150684931506778e+00 4.125000000000000194e-02 2.480700000000000266e-02 2.832392829245749047e-02 5.056973960548032387e+00 2.796227561050463883e-01
2.690410958904109417e+00 4.125000000000000194e-02 2.501999999999999710e-02 3.183165559121869242e-02 5.052102738666013337e+00 2.790050333415466377e-01
2.687671232876712502e+00 4.125000000000000194e-02 2.477799999999999794e-02 2.865420099122343786e-02 5.056492214382997119e+00 2.795676994642227187e-01
2.684931506849315141e+00 4.125000000000000194e-02 2.483900000000000344e-02 2.993248306326119421e-02 5.054731931946841783e+00 2.793405677097769435e-01
2.676712328767123505e+00 4.125000000000000194e-02 2.570600000000000315e-02 3.950986257329668072e-02 5.022225508239096747e+00 2.838453479185115702e-01
2.673972602739726145e+00 4.125000000000000194e-02 2.562600000000000294e-02 3.869544858364923345e-02 5.023276509430449899e+00 2.840104649028066253e-01
2.671232876712328785e+00 4.125000000000000194e-02 2.647700000000000053e-02 5.185448047493849272e-02 5.006921934801487950e+00 2.811810481838235010e-01
2.668493150684931425e+00 4.125000000000000194e-02 2.631600000000000258e-02 4.979247911606633076e-02 5.009400362743444468e+00 2.816544498848975175e-01
2.665753424657534065e+00 4.125000000000000194e-02 2.656499999999999834e-02 5.257075148917638580e-02 5.009977294762914646e+00 2.794946602646677380e-01
2.660273972602739789e+00 4.125000000000000194e-02 2.656499999999999834e-02 5.078996947880507623e-02 5.009599053858497797e+00 2.808918340077102838e-01
2.657534246575342429e+00 4.125000000000000194e-02 2.732300000000000006e-02 5.888197462181415931e-02 5.011459731110841531e+00 2.743387651783852910e-01
2.654794520547945069e+00 4.125000000000000194e-02 2.734599999999999878e-02 5.825989104210430730e-02 5.011291068355249401e+00 2.748698816137180589e-01
2.652054794520548153e+00 4.125000000000000194e-02 2.777999999999999914e-02 6.246317566496063789e-02 5.012451147595916368e+00 2.712623987907972212e-01
2.649315068493150793e+00 4.125000000000000194e-02 2.815399999999999847e-02 6.594071751247589097e-02 5.013474310244718346e+00 2.682254703313021182e-01
2.646575342465752989e+00 4.125000000000000194e-02 3.067299999999999888e-02 9.380005552861753193e-02 5.029097582870740268e+00 2.412178475069481909e-01
2.641095890410958713e+00 4.125000000000000194e-02 3.144199999999999773e-02 1.006343371858928193e-01 5.033903537179220677e+00 2.344843552083978877e-01
2.638356164383561797e+00 4.125000000000000194e-02 3.366699999999999554e-02 1.244827397408670294e-01 5.052463029661211635e+00 2.108616009756913434e-01
2.635616438356164437e+00 4.125000000000000194e-02 3.439299999999999996e-02 1.315642881026548583e-01 5.058308428223504016e+00 2.038284160505486886e-01
2.632876712328767077e+00 4.125000000000000194e-02 3.209599999999999953e-02 1.053089868276208263e-01 5.035342521363745050e+00 2.299655950167666107e-01
2.630136986301369717e+00 4.125000000000000194e-02 3.099600000000000272e-02 9.223831029304774276e-02 5.023508810874881547e+00 2.429940500700186190e-01
2.627397260273972801e+00 4.125000000000000194e-02 3.170100000000000001e-02 9.913000933173987672e-02 5.029795144170947196e+00 2.361227892160190633e-01
2.619178082191780721e+00 4.125000000000000194e-02 3.246000000000000274e-02 1.047573615898075572e-01 5.034944087767668996e+00 2.305115161212233921e-01
2.616438356164383805e+00 4.125000000000000194e-02 3.194199999999999817e-02 9.816123896770448387e-02 5.028888386438560509e+00 2.370895644279649717e-01
2.613698630136986445e+00 4.125000000000000194e-02 3.062300000000000091e-02 8.276225353186250633e-02 5.014567006304781138e+00 2.524531902871469113e-01
2.610958904109589085e+00 4.125000000000000194e-02 3.012399999999999800e-02 7.637989244395669564e-02 5.008568851482259277e+00 2.588231335292163204e-01
2.608219178082192169e+00 4.125000000000000194e-02 3.063200000000000298e-02 8.107662735977247404e-02 5.012993572031465561e+00 2.541351596740890617e-01
2.602739726027397005e+00 4.125000000000000194e-02 3.069500000000000006e-02 7.998297262218959092e-02 5.011962157873140811e+00 2.552268127674960363e-01
2.600000000000000089e+00 4.125000000000000194e-02 3.131899999999999962e-02 8.591406585929713124e-02 5.017564944872884070e+00 2.493062528474493389e-01
2.597260273972602729e+00 4.125000000000000194e-02 3.111600000000000130e-02 8.279897093598216629e-02 5.014614312946449104e+00 2.524160914984176496e-01
2.594520547945205369e+00 4.125000000000000194e-02 3.042600000000000166e-02 7.436784617035872846e-02 5.006594377281445851e+00 2.608341557324395099e-01
2.591780821917808009e+00 4.125000000000000194e-02 2.955400000000000041e-02 6.394758278396973916e-02 4.996587150745424921e+00 2.712414802413687376e-01
2.589041095890411093e+00 4.125000000000000194e-02 2.838999999999999857e-02 5.032382933695959959e-02 4.983354024202478527e+00 2.848531947587321089e-01
2.580821917808219013e+00 4.125000000000000194e-02 2.910200000000000287e-02 5.549935781507269600e-02 4.988412114471236336e+00 2.796812552449713940e-01
2.578082191780822097e+00 4.125000000000000194e-02 2.822499999999999662e-02 4.469343985549633497e-02 4.979445181104557250e+00 2.854604065121881251e-01
2.575342465753424737e+00 4.125000000000000194e-02 2.995699999999999752e-02 6.253563663272107553e-02 4.997849124303034074e+00 2.652692516744747375e-01
2.572602739726027821e+00 4.125000000000000194e-02 3.024400000000000005e-02 6.476706306040130867e-02 5.000036306423083055e+00 2.631099866452869529e-01
2.569863013698630017e+00 4.125000000000000194e-02 3.104699999999999821e-02 7.257373797335263388e-02 5.007696182802596319e+00 2.555429732929174191e-01
2.564383561643836185e+00 4.125000000000000194e-02 3.123300000000000035e-02 7.278769727404667267e-02 5.007906379053002510e+00 2.553351646134069952e-01
2.561643835616438380e+00 4.125000000000000194e-02 3.069700000000000206e-02 6.611004904206120580e-02 5.001341330970656252e+00 2.618286408427539791e-01
2.558904109589041020e+00 4.125000000000000194e-02 3.051200000000000093e-02 6.322313533828873011e-02 4.998499516680533716e+00 2.646417013421641928e-01
2.556164383561644105e+00 4.125000000000000194e-02 3.148499999999999910e-02 7.279793879705696857e-02 5.007941528013796884e+00 2.552847298311733959e-01
2.553424657534246744e+00 4.125000000000000194e-02 3.127900000000000125e-02 6.968740956338558001e-02 5.004867240941162976e+00 2.583356822497434035e-01
2.550684931506849384e+00 4.125000000000000194e-02 3.130499999999999949e-02 6.906783305119461314e-02 5.004254737579890921e+00 2.589436289506631406e-01
2.545205479452054664e+00 4.125000000000000194e-02 3.130499999999999949e-02 6.727083084561649717e-02 5.002478143733227078e+00 2.607070736125782773e-01
2.542465753424657748e+00 4.125000000000000194e-02 3.170200000000000101e-02 7.061277785101717497e-02 5.005783136594575744e+00 2.574259078037404724e-01
2.539726027397260388e+00 4.125000000000000194e-02 3.241600000000000037e-02 7.731447336091487599e-02 5.012418907152926373e+00 2.508327746368499422e-01
2.536986301369863028e+00 4.125000000000000194e-02 3.235599999999999588e-02 7.576682193815729993e-02 5.010884079345689024e+00 2.523592776460044651e-01
2.534246575342465668e+00 4.125000000000000194e-02 3.095499999999999988e-02 5.948193608025822976e-02 4.996544792719378236e+00 2.629650844026671375e-01
2.531506849315068308e+00 4.125000000000000194e-02 2.972100000000000089e-02 4.525768962080615326e-02 4.981896099465482841e+00 2.784421656042824211e-01
2.526027397260274032e+00 4.125000000000000194e-02 3.003499999999999920e-02 4.682757605968139447e-02 4.983501468775515697e+00 2.767696306564344511e-01
2.523287671232876672e+00 4.125000000000000194e-02 3.018200000000000049e-02 4.749855986069401181e-02 4.984187553638864898e+00 2.760549726238575308e-01
2.520547945205479756e+00 4.125000000000000194e-02 3.058899999999999814e-02 5.096157782569091244e-02 4.987727362948963794e+00 2.723700719044480634e-01
2.517808219178082396e+00 4.125000000000000194e-02 2.983699999999999894e-02 4.195220168808524303e-02 4.978543454510663047e+00 2.818797015963562247e-01
2.515068493150685036e+00 4.125000000000000194e-02 2.868300000000000016e-02 2.858136830447366092e-02 4.964999763689883494e+00 2.957372499512452291e-01
2.512328767123288120e+00 4.125000000000000194e-02 2.890500000000000014e-02 3.007987599011013868e-02 4.966512753525043067e+00 2.941983099832377047e-01
2.506849315068492956e+00 4.125000000000000194e-02 2.920899999999999885e-02 3.154915542079740620e-02 4.967996140495748669e+00 2.926896503097666802e-01
2.504109589041096040e+00 4.125000000000000194e-02 2.886299999999999977e-02 2.691649794177917304e-02 4.963320403660888225e+00 2.974424639340650933e-01
2.501369863013698680e+00 4.125000000000000194e-02 3.063000000000000098e-02 4.499331632661307534e-02 4.981498394690123455e+00 2.790862560496128464e-01
2.498630136986301320e+00 4.125000000000000194e-02 3.069200000000000053e-02 1.340160832432818472e-01 5.072015013095017011e+00 1.977261375623302342e-01
2.495890410958903960e+00 4.125000000000000194e-02 3.048800000000000121e-02 1.309477261325422692e-01 5.069190970038357058e+00 2.011269769885088987e-01
2.493150684931507044e+00 4.125000000000000194e-02 3.229800000000000032e-02 1.493575528762536020e-01 5.086191779458122397e+00 1.808232307900580760e-01
2.487671232876712324e+00 4.125000000000000194e-02 3.250399999999999817e-02 1.497332540668953604e-01 5.086539123323204237e+00 1.804095750382907759e-01
2.484931506849314964e+00 4.125000000000000194e-02 3.209399999999999753e-02 1.444818687991055450e-01 5.081682483542799389e+00 1.861886553135750078e-01
2.482191780821917604e+00 4.125000000000000194e-02 3.267599999999999671e-02 1.497395293222648638e-01 5.086547454411744162e+00 1.804070488071146949e-01
2.479452054794520688e+00 4.125000000000000194e-02 3.220300000000000246e-02 1.438303269675941520e-01 5.081075694331596893e+00 1.868983809878675961e-01
2.476712328767123772e+00 4.125000000000000194e-02 3.226799999999999807e-02 1.436139252165895275e-01 5.080875257109156884e+00 1.871360062622964560e-01
2.473972602739725968e+00 4.125000000000000194e-02 3.250499999999999917e-02 1.452104117413656748e-01 5.082354042114261006e+00 1.853830747085664366e-01
2.468493150684932136e+00 4.125000000000000194e-02 3.256699999999999873e-02 1.440492313527335366e-01 5.081278403109902975e+00 1.866579278402143716e-01
2.465753424657534332e+00 4.125000000000000194e-02 3.194600000000000217e-02 1.366062429903402153e-01 5.074373859386506425e+00 1.948127096079195208e-01
2.463013698630136972e+00 4.125000000000000194e-02 3.267799999999999871e-02 1.434002192401311604e-01 5.080690943402681015e+00 1.873935845196923189e-01
2.460273972602740056e+00 4.125000000000000194e-02 3.284899999999999626e-02 1.442845805861008579e-01 5.081514096042445416e+00 1.864292908802184512e-01
2.457534246575342252e+00 4.125000000000000194e-02 3.207800000000000235e-02 1.352872175966942647e-01 5.073116705890749145e+00 1.962025216291075347e-01
2.454794520547945336e+00 4.125000000000000194e-02 3.237999999999999906e-02 1.375512245889437823e-01 5.075235401072857755e+00 1.937523808316675422e-01
2.449315068493150616e+00 4.125000000000000194e-02 3.261100000000000110e-02 1.381538567717534860e-01 5.075799470268226088e+00 1.931003885281561416e-01
2.446575342465753256e+00 4.125000000000000194e-02 3.316100000000000297e-02 1.429828155755674679e-01 5.080324028557983596e+00 1.878832145269745957e-01
2.443835616438356340e+00 4.125000000000000194e-02 3.301799999999999874e-02 1.405782385860729622e-01 5.078067486199067559e+00 1.904755420965578427e-01
2.441095890410958980e+00 4.125000000000000194e-02 3.402800000000000269e-02 1.501616166281045106e-01 5.087105926688243684e+00 1.802132315813571584e-01
2.438356164383561620e+00 4.125000000000000194e-02 3.374200000000000116e-02 1.462696951485858432e-01 5.083411555910434920e+00 1.843459193110554839e-01
2.435616438356164259e+00 4.125000000000000194e-02 3.382399999999999990e-02 1.461976843248201929e-01 5.083343129054858522e+00 1.844222825940300681e-01
2.430136986301369983e+00 4.125000000000000194e-02 3.437500000000000278e-02 1.500462073654943440e-01 5.087002950180320227e+00 1.803452081496831338e-01
2.427397260273972623e+00 4.125000000000000194e-02 3.431399999999999728e-02 1.484876762936459815e-01 5.085518461475475149e+00 1.819929309939172235e-01
2.424657534246575707e+00 4.125000000000000194e-02 3.457899999999999863e-02 1.502894851495757689e-01 5.087235507719036320e+00 1.800891866473545433e-01
2.421917808219177903e+00 4.125000000000000194e-02 3.495000000000000190e-02 1.531730415709794124e-01 5.089986248591896079e+00 1.770464680312614780e-01
2.419178082191780987e+00 4.125000000000000194e-02 3.517800000000000094e-02 1.545772974784384302e-01 5.091327897884841747e+00 1.755675766443608454e-01
2.416438356164384071e+00 4.125000000000000194e-02 3.395499999999999907e-02 1.410741914330834179e-01 5.078248261644469075e+00 1.895519934919673855e-01
2.408219178082191991e+00 4.125000000000000194e-02 3.434699999999999559e-02 1.423176934453420361e-01 5.079467329870607450e+00 1.882817201411491892e-01
2.405479452054794187e+00 4.125000000000000194e-02 3.507099999999999801e-02 1.487935001916385891e-01 5.085823598212085628e+00 1.816754591880522240e-01
2.402739726027397271e+00 4.125000000000000194e-02 3.439199999999999896e-02 1.409166192154464037e-01 5.078064563110725516e+00 1.896794985809218959e-01
2.399999999999999911e+00 4.125000000000000194e-02 3.511800000000000338e-02 1.473968226531072456e-01 5.084467594783209421e+00 1.831168245751407242e-01
2.397260273972602551e+00 4.125000000000000194e-02 3.562699999999999895e-02 1.516384189436811025e-01 5.088665337970201819e+00 1.788285957452618868e-01
2.391780821917808275e+00 4.125000000000000194e-02 3.562699999999999895e-02 1.497493251417062465e-01 5.086794616356679732e+00 1.807371878464480441e-01
2.389041095890410915e+00 4.125000000000000194e-02 3.575600000000000306e-02 1.501122671583193791e-01 5.087154076248229906e+00 1.803705519551109526e-01
2.386301369863013555e+00 4.125000000000000194e-02 3.745499999999999524e-02 1.663232285113306619e-01 5.103272130460381639e+00 1.640622697487598702e-01
2.383561643835616639e+00 4.125000000000000194e-02 3.788099999999999801e-02 1.696424274732683812e-01 5.106580534069540711e+00 1.607318477767686327e-01
2.380821917808219723e+00 4.125000000000000194e-02 3.862499999999999961e-02 1.761338314727765031e-01 5.113052349723072432e+00 1.542200971132666465e-01
2.378082191780821919e+00 4.125000000000000194e-02 3.871300000000000435e-02 1.760368648369403655e-01 5.112955648431228184e+00 1.543173390835111125e-01
2.372602739726027199e+00 4.125000000000000194e-02 3.871300000000000435e-02 1.740800441332182869e-01 5.111004154424472645e+00 1.562796860594736215e-01
2.369863013698630283e+00 4.125000000000000194e-02 3.946399999999999908e-02 1.805814515100039874e-01 5.117489243016208889e+00 1.497613633203468408e-01
2.367123287671232923e+00 4.125000000000000194e-02 3.970699999999999924e-02 1.820091206388371741e-01 5.118913837828408475e+00 1.483305118675525835e-01
2.364383561643836007e+00 4.125000000000000194e-02 4.059100000000000208e-02 1.897781336655869344e-01 5.126667989601852327e+00 1.405461323253495987e-01
2.361643835616438203e+00 4.125000000000000194e-02 4.118000000000000133e-02 1.945960588086340370e-01 5.131478875501739978e+00 1.357209426614076064e-01
2.358904109589041287e+00 4.125000000000000194e-02 4.203199999999999992e-02 2.019776980866015703e-01 5.138851561713584815e+00 1.283300763805903522e-01
2.353424657534246567e+00 4.125000000000000194e-02 4.252799999999999636e-02 2.048117972713916490e-01 5.141682885269823089e+00 1.254931208392842945e-01
2.350684931506849207e+00 4.125000000000000194e-02 4.344999999999999557e-02 2.128020277150491635e-01 5.149666370693861239e+00 1.174959576703549502e-01
2.347945205479451847e+00 4.125000000000000194e-02 4.287099999999999939e-02 2.061238661952383144e-01 5.142992341746435159e+00 1.241783578189323139e-01
2.345205479452054931e+00 4.125000000000000194e-02 4.126699999999999813e-02 1.894168592516992100e-01 5.126290978615697824e+00 1.408911299970386777e-01
2.342465753424657571e+00 4.125000000000000194e-02 4.192400000000000293e-02 1.948369027181140467e-01 5.131709918697612949e+00 1.354699643645803642e-01
2.339726027397260211e+00 4.125000000000000194e-02 4.272600000000000009e-02 2.016422320082050801e-01 5.138513993053449802e+00 1.286633616518170764e-01
2.334246575342465935e+00 4.125000000000000194e-02 4.235400000000000276e-02 1.959820450544381143e-01 5.132854731443319274e+00 1.343244849463348656e-01
2.331506849315069019e+00 4.125000000000000194e-02 4.113400000000000389e-02 1.830880057179741505e-01 5.119962307712075500e+00 1.472201508958410621e-01
2.328767123287671215e+00 4.125000000000000194e-02 4.096700000000000341e-02 1.804559677048168942e-01 5.117330520590664733e+00 1.498524399124122330e-01
2.326027397260273855e+00 4.125000000000000194e-02 4.146099999999999786e-02 1.842580212023675890e-01 5.121132221189657052e+00 1.460500346250791781e-01
2.323287671232876495e+00 4.125000000000000194e-02 4.255799999999999861e-02 1.938841865774130480e-01 5.130757613348441382e+00 1.364231033551049077e-01
2.320547945205480023e+00 4.125000000000000194e-02 4.312000000000000555e-02 1.982931697642386082e-01 5.135166308548316572e+00 1.320138374740076892e-01
2.312328767123287498e+00 4.125000000000000194e-02 4.314099999999999879e-02 1.954156544661382056e-01 5.132288971958558044e+00 1.348915270488282581e-01
2.309589041095890583e+00 4.125000000000000194e-02 4.314099999999999879e-02 1.943888877306598206e-01 5.131262267719249870e+00 1.359183543359225310e-01
2.306849315068492778e+00 4.125000000000000194e-02 4.295299999999999813e-02 1.915566993751139091e-01 5.128430249730468127e+00 1.387507066081546114e-01
2.304109589041095862e+00 4.125000000000000194e-02 4.465600000000000125e-02 2.068300185913879430e-01 5.143702976283178963e+00 1.234768321979095723e-01
2.301369863013698502e+00 4.125000000000000194e-02 4.495899999999999896e-02 2.086753618859519543e-01 5.145548274971063485e+00 1.216314487073826694e-01
2.295890410958903782e+00 4.125000000000000194e-02 4.481099999999999667e-02 2.059404910331029126e-01 5.134713081452788153e+00 1.302226239336859714e-01
2.293150684931506866e+00 4.125000000000000194e-02 4.449600000000000083e-02 2.018920380704426754e-01 5.130773343675361531e+00 1.341993550727677564e-01
2.290410958904109062e+00 4.125000000000000194e-02 4.430699999999999916e-02 1.990481694074704988e-01 5.128001416200163476e+00 1.369958010398369119e-01
2.287671232876712146e+00 4.125000000000000194e-02 4.560600000000000070e-02 2.116111227343647483e-01 5.127050156893908195e+00 1.344680481978230702e-01
2.284931506849315230e+00 4.125000000000000194e-02 4.612199999999999633e-02 2.154656953291302912e-01 5.130504946288595214e+00 1.308884402202566133e-01
2.282191780821917870e+00 4.125000000000000194e-02 4.482999999999999485e-02 2.021126074552352658e-01 5.118213809327623487e+00 1.435205487713863137e-01
2.276712328767123150e+00 4.125000000000000194e-02 4.465799999999999631e-02 1.983790955909454090e-01 5.114692792928515530e+00 1.471114231896059610e-01
2.273972602739726234e+00 4.125000000000000194e-02 4.508899999999999714e-02 2.014130066617150217e-01 5.117560370413480442e+00 1.441890419846426352e-01
2.271232876712328874e+00 4.125000000000000194e-02 4.472800000000000387e-02 1.969450026966470813e-01 5.113326241203435707e+00 1.485004323006591520e-01
2.268493150684931514e+00 4.125000000000000194e-02 4.418300000000000005e-02 1.907424698245376860e-01 5.107415565677826841e+00 1.545080669224733194e-01
2.265753424657534154e+00 4.125000000000000194e-02 4.282299999999999995e-02 1.768372136750407386e-01 5.093952601844591754e+00 1.681203557475867139e-01
2.263013698630136794e+00 4.125000000000000194e-02 4.414200000000000068e-02 1.892256698282848426e-01 5.095959981284801543e+00 1.633284651078752703e-01
2.257534246575342518e+00 4.125000000000000194e-02 4.443100000000000521e-02 1.898625690504187613e-01 5.096554746188537877e+00 1.627199897473705636e-01
2.254794520547945158e+00 4.125000000000000194e-02 4.486500000000000210e-02 1.929004436929457611e-01 5.099393641387625742e+00 1.598163008654837625e-01
2.252054794520547798e+00 4.125000000000000194e-02 4.550900000000000084e-02 1.985324924916294642e-01 5.098016467931277163e+00 1.593393070731935479e-01
2.249315068493150882e+00 4.125000000000000194e-02 4.611399999999999527e-02 2.031462017004863063e-01 5.102229417401725975e+00 1.549988784926626395e-01
2.246575342465753078e+00 4.125000000000000194e-02 4.717999999999999972e-02 2.131913380729064944e-01 5.099601115335127943e+00 1.544551269362622881e-01
2.243835616438356162e+00 4.125000000000000194e-02 4.658400000000000041e-02 2.065164952320509562e-01 5.093858377148391625e+00 1.604767717341027411e-01
2.238356164383560998e+00 4.125000000000000194e-02 4.679299999999999432e-02 2.063165521657513990e-01 5.093683795725315377e+00 1.606590576775583645e-01
2.235616438356164526e+00 4.125000000000000194e-02 4.727999999999999564e-02 2.097807615273765136e-01 5.096715054601588690e+00 1.574959802095692862e-01
2.232876712328767166e+00 4.125000000000000194e-02 4.656899999999999928e-02 2.020789441722983804e-01 5.089865688903325136e+00 1.646093792536785227e-01
2.230136986301369806e+00 4.125000000000000194e-02 4.581599999999999562e-02 1.940069547348869106e-01 5.082475126405697097e+00 1.722173500458804574e-01
2.227397260273972446e+00 4.125000000000000194e-02 4.329999999999999821e-02 1.695911462080615106e-01 5.058862938515296115e+00 1.961003637290672785e-01
2.219178082191780810e+00 4.125000000000000194e-02 4.409799999999999831e-02 1.740985109632331440e-01 5.061030967841483097e+00 1.932744641701297228e-01
2.216438356164383450e+00 4.125000000000000194e-02 4.399300000000000432e-02 1.720868603375151074e-01 5.059061350102206589e+00 1.952584194920890803e-01
2.213698630136986090e+00 4.125000000000000194e-02 4.344499999999999751e-02 1.665490211032583101e-01 5.047677347696900796e+00 2.050675713227862740e-01
2.210958904109589174e+00 4.125000000000000194e-02 4.365499999999999936e-02 1.674564541391838635e-01 5.048541495405363122e+00 2.041890605211134635e-01
2.208219178082191814e+00 4.125000000000000194e-02 4.460499999999999882e-02 1.756012249925223700e-01 5.051962293341220267e+00 1.994657681486278478e-01
2.205479452054794454e+00 4.125000000000000194e-02 4.530800000000000105e-02 1.810205789098832674e-01 5.057112822011015751e+00 1.942262136576390352e-01
2.200000000000000178e+00 4.125000000000000194e-02 4.522300000000000625e-02 1.788099104665084871e-01 5.047856000307469060e+00 2.015972716691996347e-01
2.197260273972602818e+00 4.125000000000000194e-02 4.562999999999999695e-02 1.814841371844238549e-01 5.050365246828304677e+00 1.990340873360521012e-01
2.194520547945205013e+00 4.125000000000000194e-02 4.522700000000000331e-02 1.767333408473968359e-01 5.045893695156760117e+00 2.035972217901075298e-01
2.191780821917808098e+00 4.125000000000000194e-02 4.473200000000000093e-02 1.715403330584972796e-01 5.036867916488259489e+00 2.116316912329586908e-01
2.189041095890410737e+00 4.125000000000000194e-02 4.440199999999999703e-02 1.674615878832307059e-01 5.033083012980925197e+00 2.155115961710016292e-01
2.186301369863013822e+00 4.125000000000000194e-02 4.466999999999999443e-02 1.688654476025154838e-01 5.034391721525296681e+00 2.141719827274258525e-01
2.180821917808219101e+00 4.125000000000000194e-02 4.462900000000000200e-02 1.684533059439579927e-01 5.027733407358992324e+00 2.253071039055407621e-01
2.178082191780821741e+00 4.125000000000000194e-02 4.444300000000000334e-02 1.668374061040651946e-01 5.027163831282864592e+00 2.317475609023972871e-01
2.175342465753424825e+00 4.125000000000000194e-02 4.481399999999999967e-02 1.688896970807067799e-01 5.027896789249236775e+00 2.249435184345444927e-01
2.172602739726027465e+00 4.125000000000000194e-02 4.328700000000000603e-02 1.535607816610858878e-01 5.021352680016299530e+00 2.486256889103043433e-01
2.169863013698630105e+00 4.125000000000000194e-02 4.235799999999999982e-02 1.432345446864180250e-01 5.015819670050670531e+00 2.612358183634481135e-01
2.167123287671232745e+00 4.125000000000000194e-02 4.284099999999999714e-02 1.475325630132654775e-01 5.018266495148833606e+00 2.561798110267801687e-01
2.161643835616438469e+00 4.125000000000000194e-02 4.308900000000000230e-02 1.484029269631284009e-01 5.020379341495981862e+00 2.548336264512144345e-01
2.158904109589041109e+00 4.125000000000000194e-02 4.395699999999999608e-02 1.552896632635532015e-01 5.035007066234011397e+00 2.446064914261094903e-01
2.156164383561644193e+00 4.125000000000000194e-02 4.366399999999999448e-02 1.518385571826134928e-01 5.028836180480851681e+00 2.494003773465205409e-01
2.153424657534246389e+00 4.125000000000000194e-02 4.264400000000000135e-02 1.413754145059775980e-01 5.012782381535494380e+00 2.629531691000538407e-01
2.150684931506849029e+00 4.125000000000000194e-02 4.313900000000000373e-02 1.453939386575389126e-01 5.018216913615427544e+00 2.580882487376443546e-01
2.147945205479452113e+00 4.125000000000000194e-02 4.342200000000000226e-02 1.473370722469706517e-01 5.020804225336720883e+00 2.557564485362746609e-01
2.142465753424657393e+00 4.125000000000000194e-02 4.358900000000000274e-02 1.473058379426620268e-01 5.020762791433844185e+00 2.557938505780703031e-01
2.139726027397260477e+00 4.125000000000000194e-02 4.381700000000000178e-02 1.486966035631114846e-01 5.022605701256962263e+00 2.541294921386576533e-01
2.136986301369863117e+00 4.125000000000000194e-02 4.214100000000000484e-02 1.308756111622562390e-01 5.002033600709800965e+00 2.737512325172966610e-01
2.134246575342465757e+00 4.125000000000000194e-02 4.215800000000000103e-02 1.301897676633107237e-01 5.001290417370845454e+00 2.744757821108389506e-01
2.131506849315068397e+00 4.125000000000000194e-02 4.240400000000000419e-02 1.318575698290299636e-01 5.003097067833932599e+00 2.727142380810861355e-01
2.128767123287671037e+00 4.125000000000000194e-02 4.182500000000000107e-02 1.250361745682791181e-01 4.995746328856276897e+00 2.798939485939476723e-01
2.123287671232876761e+00 4.125000000000000194e-02 4.205599999999999616e-02 1.256923142089392265e-01 4.996447743491603255e+00 2.792070444400868712e-01
2.120547945205479401e+00 4.125000000000000194e-02 4.264099999999999835e-02 1.308381413243551172e-01 5.001934051076906584e+00 2.738295561208624607e-01
2.117808219178082041e+00 4.125000000000000194e-02 4.265799999999999453e-02 1.301406172466560984e-01 5.001194321757809647e+00 2.745558692154749236e-01
2.115068493150685125e+00 4.125000000000000194e-02 4.223200000000000565e-02 1.248932568647082714e-01 4.995645449156295825e+00 2.800091895082615356e-01
2.112328767123288209e+00 4.125000000000000194e-02 4.279899999999999677e-02 1.298502705267131352e-01 5.000844085157862828e+00 2.748864766008068394e-01
2.109589041095890405e+00 4.125000000000000194e-02 4.327499999999999403e-02 1.338586407199682526e-01 5.005022138603777648e+00 2.707614056591059470e-01
2.101369863013698769e+00 4.125000000000000194e-02 4.331699999999999440e-02 1.316337462324626562e-01 5.002711070921935566e+00 2.730456623306147801e-01
2.098630136986301409e+00 4.125000000000000194e-02 4.382699999999999790e-02 1.359594888001332269e-01 5.007193193808377352e+00 2.686120652896509253e-01
2.095890410958904049e+00 4.125000000000000194e-02 4.357400000000000162e-02 1.324812832318102707e-01 5.003606067284689374e+00 2.721655566377393365e-01
2.093150684931506689e+00 4.125000000000000194e-02 4.365600000000000036e-02 1.324276816465836115e-01 5.003550920374009614e+00 2.722202275449102649e-01
2.090410958904109773e+00 4.125000000000000194e-02 4.427899999999999892e-02 1.428564602624184665e-01 5.028550007408527200e+00 2.714188011381686305e-01
2.082191780821917693e+00 4.125000000000000194e-02 4.425799999999999873e-02 1.416227203298688064e-01 5.028919897908072478e+00 2.736489863940108624e-01
2.079452054794520333e+00 4.125000000000000194e-02 4.380300000000000166e-02 1.370560481481004622e-01 5.030319880434492852e+00 2.814649597436084671e-01
2.076712328767123417e+00 4.125000000000000194e-02 4.355500000000000344e-02 1.342378739362980189e-01 5.031238158683051687e+00 2.857970186480127683e-01
2.073972602739726057e+00 4.125000000000000194e-02 4.463799999999999712e-02 1.453815771052968941e-01 5.027130824271614173e+00 2.710759786482577760e-01
2.071232876712328697e+00 4.125000000000000194e-02 4.257799999999999779e-02 1.206172045399072357e-01 5.041332707869809582e+00 2.977638221108597771e-01
2.065753424657534421e+00 4.125000000000000194e-02 4.257799999999999779e-02 1.197299565030296720e-01 5.041927518051576129e+00 2.986908411144535980e-01
2.063013698630137061e+00 4.125000000000000194e-02 4.207700000000000329e-02 1.132944536065677160e-01 5.046278997450984072e+00 3.054052966860325569e-01
2.060273972602740145e+00 4.125000000000000194e-02 4.247200000000000281e-02 1.175811794858811349e-01 5.043336536417966087e+00 3.009435180736176885e-01
2.057534246575342340e+00 4.125000000000000194e-02 4.219999999999999446e-02 1.138880150340883107e-01 5.045894277086781621e+00 3.047821540145677077e-01
2.054794520547944980e+00 4.125000000000000194e-02 4.144700000000000467e-02 1.044339972906365294e-01 5.052623113070413119e+00 3.145681760358918777e-01
2.052054794520548064e+00 4.125000000000000194e-02 4.223699999999999677e-02 1.134743968540579545e-01 5.045863918053285602e+00 3.052731536747433916e-01
2.043835616438355984e+00 4.125000000000000194e-02 4.240599999999999925e-02 1.141657962286488914e-01 5.045333638221356942e+00 3.045645469453015508e-01
2.041095890410959068e+00 4.125000000000000194e-02 4.204700000000000104e-02 1.094357042395086160e-01 5.048980115046163952e+00 3.094093237805061181e-01
2.038356164383561708e+00 4.125000000000000194e-02 4.084600000000000036e-02 9.461293223304198530e-02 5.061078941797389597e+00 3.244925866689997163e-01
2.035616438356164348e+00 4.125000000000000194e-02 4.128499999999999531e-02 9.945353222246275382e-02 5.056922216925515023e+00 3.195918129565823440e-01
2.032876712328766988e+00 4.125000000000000194e-02 4.176599999999999757e-02 1.047790609122857819e-01 5.052310950585842342e+00 3.142043088329695699e-01
2.027397260273972712e+00 4.125000000000000194e-02 4.180799999999999794e-02 1.044036808669258631e-01 5.052638005784412023e+00 3.145838388833802624e-01
2.024657534246575796e+00 4.125000000000000194e-02 4.231599999999999945e-02 1.100159679006321722e-01 5.047725459322634833e+00 3.089119338953867921e-01
2.021917808219177992e+00 4.125000000000000194e-02 4.210300000000000153e-02 1.070352415680271285e-01 5.050360941568445838e+00 3.119215888265857717e-01
2.019178082191780632e+00 4.125000000000000194e-02 4.127100000000000213e-02 9.668711414439863649e-02 5.059683462185549985e+00 3.223529261771721499e-01
2.016438356164384160e+00 4.125000000000000194e-02 4.127100000000000213e-02 9.625503795166190368e-02 5.060081501996569919e+00 3.227876670441727214e-01
