6.016438356164383272e+00 3.500000000000000333e-02 1.689399999999999930e-02 -7.092134392963802929e-03 4.920373313956694084e+00 3.038587738030064656e-01
6.013698630136985912e+00 3.500000000000000333e-02 1.661599999999999883e-02 -8.438762775065028476e-03 4.919590157005943709e+00 3.063110136106447223e-01
6.010958904109589440e+00 3.500000000000000333e-02 1.620800000000000018e-02 -1.035996378657583379e-02 4.918472645973716695e+00 3.098072680926389766e-01
6.005479452054794720e+00 3.500000000000000333e-02 1.637200000000000114e-02 -1.006676267669685126e-02 4.918643201035403756e+00 3.092737784558848291e-01
6.002739726027397360e+00 3.500000000000000333e-02 1.614400000000000210e-02 -1.122808950453461387e-02 4.917967609994911449e+00 3.113863364085172059e-01
6.000000000000000000e+00 3.500000000000000333e-02 1.622600000000000084e-02 -1.108144840745185246e-02 4.918052918917481087e+00 3.111196030723055173e-01
5.997260273972602640e+00 3.500000000000000333e-02 1.602999999999999911e-02 -3.909191063503626414e-04 4.924132671053862431e+00 2.920291733354880015e-01
5.994520547945205280e+00 3.500000000000000333e-02 1.673699999999999841e-02 2.261799091238335564e-03 4.925790087493029823e+00 2.874205524931686684e-01
5.991780821917807920e+00 3.500000000000000333e-02 1.773200000000000123e-02 6.053916802684133902e-03 4.928162462285799350e+00 2.808603828503511424e-01
5.986301369863014088e+00 3.500000000000000333e-02 1.776499999999999954e-02 5.774886578712947263e-03 4.927987806300365925e+00 2.813422533578776585e-01
5.983561643835616728e+00 3.500000000000000333e-02 1.766699999999999868e-02 5.177477140921103553e-03 4.927613850128255812e+00 2.823738210429769246e-01
5.980821917808219368e+00 3.500000000000000333e-02 1.816699999999999912e-02 6.968403454577377226e-03 4.928735315515806015e+00 2.792850596012484421e-01
5.978082191780822008e+00 3.500000000000000333e-02 1.821800000000000155e-02 6.965364299520602695e-03 4.928733411960331878e+00 2.792902970568271748e-01
5.975342465753424648e+00 3.500000000000000333e-02 1.965799999999999839e-02 1.247154528407304515e-02 4.932196495900545763e+00 2.699259609177020458e-01
5.972602739726027288e+00 3.500000000000000333e-02 1.832500000000000101e-02 6.967878458300180190e-03 4.928706872366181102e+00 2.790592270004962350e-01
5.964383561643835208e+00 3.500000000000000333e-02 1.907999999999999974e-02 9.350514670675210555e-03 4.930225491029609053e+00 2.751639973418744667e-01
5.961643835616438736e+00 3.500000000000000333e-02 1.936799999999999980e-02 1.028391141237564727e-02 4.930821098358663335e+00 2.736429869537247428e-01
5.958904109589041376e+00 3.500000000000000333e-02 1.921899999999999997e-02 9.484567324370413513e-03 4.930310864895831813e+00 2.749443703222446134e-01
5.956164383561644016e+00 3.500000000000000333e-02 1.846599999999999978e-02 6.283042331471726770e-03 4.928262014124493717e+00 2.801196438651917253e-01
5.953424657534246656e+00 3.500000000000000333e-02 1.818799999999999931e-02 4.966060971845086616e-03 4.927415855223001628e+00 2.822260287225398234e-01
5.945205479452054576e+00 3.500000000000000333e-02 1.766999999999999821e-02 2.272816473338843801e-03 4.925680537827577865e+00 2.865015663104360510e-01
5.942465753424657215e+00 3.500000000000000333e-02 1.867699999999999916e-02 6.089037552099019548e-03 4.928160180607082275e+00 2.805711044036769408e-01
5.939726027397259855e+00 3.500000000000000333e-02 1.909999999999999892e-02 7.564322064089689344e-03 4.929128059276480123e+00 2.783300691376382474e-01
5.936986301369863384e+00 3.500000000000000333e-02 1.865100000000000091e-02 5.566696654631459601e-03 4.927813386074040736e+00 2.813430325215527383e-01
5.934246575342466024e+00 3.500000000000000333e-02 1.870100000000000234e-02 5.556898117047243645e-03 4.927806914124791327e+00 2.813576933453447171e-01
5.928767123287671303e+00 3.500000000000000333e-02 1.788100000000000106e-02 1.859518963391047601e-03 4.925348978180901227e+00 2.868116196215249603e-01
5.926027397260273943e+00 3.500000000000000333e-02 1.712900000000000186e-02 -1.378262060825093333e-03 4.923147682012802839e+00 2.913812663536885506e-01
5.923287671232876583e+00 3.500000000000000333e-02 1.569700000000000262e-02 -7.389185268441116061e-03 4.918138749799815912e+00 2.991186276419262602e-01
5.920547945205479223e+00 3.500000000000000333e-02 1.756800000000000028e-02 3.022763432753578368e-05 4.923734420993943317e+00 2.900902183813693913e-01
5.917808219178081863e+00 3.500000000000000333e-02 1.730599999999999847e-02 -1.243066225414092910e-03 4.922725400122611283e+00 2.915652150358760686e-01
5.915068493150684503e+00 3.500000000000000333e-02 1.646999999999999853e-02 -4.856561198083569203e-03 4.919844509076253480e+00 2.957279641100156731e-01
5.909589041095890671e+00 3.500000000000000333e-02 1.567299999999999943e-02 -8.533632280493572142e-03 4.916859823074203995e+00 2.998984119396297388e-01
5.906849315068493311e+00 3.500000000000000333e-02 1.702399999999999747e-02 -3.223992141055226270e-03 4.921273794262255308e+00 2.939915120442958552e-01
5.904109589041095951e+00 3.500000000000000333e-02 1.776099999999999901e-02 -4.454117931885519439e-04 4.923648728102956618e+00 2.909623428642089116e-01
5.901369863013698591e+00 3.500000000000000333e-02 1.879899999999999974e-02 3.526514728029792826e-03 4.927083296258157219e+00 2.866666863329070947e-01
5.898630136986301231e+00 3.500000000000000333e-02 1.924599999999999922e-02 5.106194780931371316e-03 4.928469643114374854e+00 2.849747234311405530e-01
5.895890410958903871e+00 3.500000000000000333e-02 1.949599999999999944e-02 5.892754783264794217e-03 4.929161758113949077e+00 2.841336683102925198e-01
5.890410958904109151e+00 3.500000000000000333e-02 2.001199999999999854e-02 7.522314852986767587e-03 4.930597902725043724e+00 2.823929421584268629e-01
5.887671232876712679e+00 3.500000000000000333e-02 2.096599999999999853e-02 1.108946847627150824e-02 4.933767353917253295e+00 2.786018869649423135e-01
5.884931506849315319e+00 3.500000000000000333e-02 2.106799999999999645e-02 1.127678866060952308e-02 4.933936588898929720e+00 2.784047803608590277e-01
5.882191780821917959e+00 3.500000000000000333e-02 2.187700000000000061e-02 1.424425402518764323e-02 4.936625378449901902e+00 2.752876255743973988e-01
5.879452054794520599e+00 3.500000000000000333e-02 2.142399999999999860e-02 1.224823515390871705e-02 4.934792153145908244e+00 2.773683607482531621e-01
5.876712328767123239e+00 3.500000000000000333e-02 2.146100000000000091e-02 1.217759508663929929e-02 4.934726912628295104e+00 2.774417746205494195e-01
5.871232876712328519e+00 3.500000000000000333e-02 2.146100000000000091e-02 1.174538301694367202e-02 4.934327712253943510e+00 2.778909426022166951e-01
5.868493150684931159e+00 3.500000000000000333e-02 2.324299999999999977e-02 1.861772507532938326e-02 4.939835774017455883e+00 2.724707215043247199e-01
5.865753424657534687e+00 3.500000000000000333e-02 2.399599999999999997e-02 2.139117275689739195e-02 4.941948592893583125e+00 2.706471116409536193e-01
5.863013698630137327e+00 3.500000000000000333e-02 2.314499999999999891e-02 1.787761082883911751e-02 4.938552777482148493e+00 2.741563462834212817e-01
5.860273972602739967e+00 3.500000000000000333e-02 2.398499999999999938e-02 2.098541792898801425e-02 4.941012604037299916e+00 2.719993691739583941e-01
5.857534246575342607e+00 3.500000000000000333e-02 2.561199999999999935e-02 2.684886321245916543e-02 4.946573578283159023e+00 2.664329552599597473e-01
5.852054794520547887e+00 3.500000000000000333e-02 2.550800000000000289e-02 2.603020451969577376e-02 4.945745210022928440e+00 2.672859278338851619e-01
5.849315068493151415e+00 3.500000000000000333e-02 2.563299999999999954e-02 2.626842669361363278e-02 4.945986231974518255e+00 2.670378152007127914e-01
5.846575342465753167e+00 3.500000000000000333e-02 2.501700000000000104e-02 2.379367413002940468e-02 4.943483073851085763e+00 2.696128034694394437e-01
5.843835616438355807e+00 3.500000000000000333e-02 2.441600000000000367e-02 2.151601058915829021e-02 4.940075181731833354e+00 2.737913744085105905e-01
5.841095890410959335e+00 3.500000000000000333e-02 2.464900000000000077e-02 2.217179607858612081e-02 4.940680006115650613e+00 2.732084151962835827e-01
5.838356164383561975e+00 3.500000000000000333e-02 2.565399999999999972e-02 2.563590446410028700e-02 4.944180574081321389e+00 2.696306902251313642e-01
5.832876712328767255e+00 3.500000000000000333e-02 2.592299999999999813e-02 2.617829938035475673e-02 4.944727318556807916e+00 2.690748450050645113e-01
5.830136986301369895e+00 3.500000000000000333e-02 2.545299999999999993e-02 2.424349577132511868e-02 4.942777375732256395e+00 2.710564347349036507e-01
5.827397260273972535e+00 3.500000000000000333e-02 2.704000000000000153e-02 3.078353460172178133e-02 4.932030826399438794e+00 2.285945616746937192e-01
5.824657534246575175e+00 3.500000000000000333e-02 2.688800000000000218e-02 2.958284602187848111e-02 4.930208058147630190e+00 2.282932343651747353e-01
5.821917808219177815e+00 3.500000000000000333e-02 2.716000000000000358e-02 3.082394015736644732e-02 4.932084424923628418e+00 2.286056304429976149e-01
5.819178082191780454e+00 3.500000000000000333e-02 2.755499999999999963e-02 3.276856740806940310e-02 4.935002997656894763e+00 2.290977528156047105e-01
5.813698630136986623e+00 3.500000000000000333e-02 2.777699999999999961e-02 3.338847914959670177e-02 4.935923578937830847e+00 2.292559070420415734e-01
5.810958904109589263e+00 3.500000000000000333e-02 2.784600000000000269e-02 3.345635660933927308e-02 4.936024251691065956e+00 2.292732411329330977e-01
5.808219178082191902e+00 3.500000000000000333e-02 2.696099999999999886e-02 2.801802946132549502e-02 4.928275114929522083e+00 2.278409306612324270e-01
5.805479452054794542e+00 3.500000000000000333e-02 2.660500000000000018e-02 2.560516840250738266e-02 4.925126500328520507e+00 2.271400011738657077e-01
5.802739726027397182e+00 3.500000000000000333e-02 2.785499999999999782e-02 3.259975146702044635e-02 4.933795771462914814e+00 2.293224762043145903e-01
5.794520547945205102e+00 3.500000000000000333e-02 2.806000000000000161e-02 3.279224473215994196e-02 4.934019429971456816e+00 2.293913385530275406e-01
5.791780821917808630e+00 3.500000000000000333e-02 2.789000000000000160e-02 3.145941772626410782e-02 4.932471939305449027e+00 2.289136723878859303e-01
5.789041095890411270e+00 3.500000000000000333e-02 2.918300000000000061e-02 3.868385937115696727e-02 4.940649938057529944e+00 2.316760638381939463e-01
5.786301369863013910e+00 3.500000000000000333e-02 2.861499999999999808e-02 3.501971996277507965e-02 4.936674566655208096e+00 2.300302501843447811e-01
5.783561643835616550e+00 3.500000000000000333e-02 2.963699999999999668e-02 4.065252480140984365e-02 4.942705856635575934e+00 2.327251770009024778e-01
5.780821917808219190e+00 3.500000000000000333e-02 2.940100000000000005e-02 3.893358718245487626e-02 4.940890176262542788e+00 2.318346779571715810e-01
5.775342465753424470e+00 3.500000000000000333e-02 2.926199999999999982e-02 3.743825304458460457e-02 4.939313061224143375e+00 2.310525203040081355e-01
5.772602739726027110e+00 3.500000000000000333e-02 2.859000000000000083e-02 3.316625924987900986e-02 4.934824108037442869e+00 2.287636103879612248e-01
5.769863013698629750e+00 3.500000000000000333e-02 2.738600000000000062e-02 2.690352107274783175e-02 4.921204133412726556e+00 1.830755860345867625e-01
5.767123287671233278e+00 3.500000000000000333e-02 2.824800000000000227e-02 3.163580067929863682e-02 4.926258865314559365e+00 1.853500031527725300e-01
5.764383561643835918e+00 3.500000000000000333e-02 2.847900000000000084e-02 3.265000478452485810e-02 4.927332290156315686e+00 1.858643756889644671e-01
5.761643835616438558e+00 3.500000000000000333e-02 2.961800000000000196e-02 3.895587963182946256e-02 4.933965696641082310e+00 1.891856564700319099e-01
5.756164383561643838e+00 3.500000000000000333e-02 2.966899999999999746e-02 3.856637859672185087e-02 4.933560949918773808e+00 1.889603769375600983e-01
5.753424657534247366e+00 3.500000000000000333e-02 3.002800000000000261e-02 4.030588250308583115e-02 4.935367951432301226e+00 1.899692038108236058e-01
5.750684931506849118e+00 3.500000000000000333e-02 3.026900000000000077e-02 4.135693618016415135e-02 4.936458499842940384e+00 1.905849099053577578e-01
5.747945205479451758e+00 3.500000000000000333e-02 2.926199999999999982e-02 3.517154207645784708e-02 4.930072142075234254e+00 1.868055439003850349e-01
5.745205479452054398e+00 3.500000000000000333e-02 3.006600000000000245e-02 3.949397575899974561e-02 4.934487067551678763e+00 1.897762160446643809e-01
5.742465753424657926e+00 3.500000000000000333e-02 3.079099999999999893e-02 4.333347578776755582e-02 4.938393637470657183e+00 1.925494418483582604e-01
5.736986301369863206e+00 3.500000000000000333e-02 3.084200000000000136e-02 4.293579466721528931e-02 4.937989874379017152e+00 1.922534146109379227e-01
5.734246575342465846e+00 3.500000000000000333e-02 2.942000000000000171e-02 3.438131661884861329e-02 4.929333285089460226e+00 1.855655907901954671e-01
5.731506849315068486e+00 3.500000000000000333e-02 2.907999999999999821e-02 3.206743760654906517e-02 4.927002957653958681e+00 1.835948934013578726e-01
5.728767123287671126e+00 3.500000000000000333e-02 2.897800000000000029e-02 3.113376263005540948e-02 4.926062900796440047e+00 1.827955036063826921e-01
5.726027397260273766e+00 3.500000000000000333e-02 2.838200000000000098e-02 2.732618940280501577e-02 4.922230454231720564e+00 1.795164560669809395e-01
5.723287671232876406e+00 3.500000000000000333e-02 2.874099999999999919e-02 2.907488042134230219e-02 4.923989066861990338e+00 1.810484910853991658e-01
5.717808219178082574e+00 3.500000000000000333e-02 2.891200000000000020e-02 2.938597990387666753e-02 4.924301875028194608e+00 1.813220567073032252e-01
5.715068493150685214e+00 3.500000000000000333e-02 2.824700000000000127e-02 2.518154064006625573e-02 4.920075723802123768e+00 1.776000833935680034e-01
5.712328767123287854e+00 3.500000000000000333e-02 2.966799999999999993e-02 3.307182646786135244e-02 4.927992053242329362e+00 1.848720870970500252e-01
5.709589041095890494e+00 3.500000000000000333e-02 2.887999999999999942e-02 2.817813399807391969e-02 4.923089061093490315e+00 1.802104261597760049e-01
5.706849315068493134e+00 3.500000000000000333e-02 2.836699999999999985e-02 2.486346349941160466e-02 4.919769185928599242e+00 1.770272579118326584e-01
5.704109589041095774e+00 3.500000000000000333e-02 2.806000000000000161e-02 2.274018843773352797e-02 4.917642871317359443e+00 1.749811949208129325e-01
5.698630136986301054e+00 3.500000000000000333e-02 2.826599999999999946e-02 2.325879273207938011e-02 4.918162189086552338e+00 1.754816355535635808e-01
5.695890410958903693e+00 3.500000000000000333e-02 2.876300000000000037e-02 2.579808562218120771e-02 4.920704901753574667e+00 1.779337650928673464e-01
5.693150684931507222e+00 3.500000000000000333e-02 2.742900000000000199e-02 1.771457848517963077e-02 4.912613425885763441e+00 1.700564684980042096e-01
5.690410958904109862e+00 3.500000000000000333e-02 2.725900000000000198e-02 1.638602654230956676e-02 4.911284091435064170e+00 1.687484752470335414e-01
5.687671232876712502e+00 3.500000000000000333e-02 2.705700000000000119e-02 1.487066909530442536e-02 4.909767858856380229e+00 1.672561213076988740e-01
5.684931506849315141e+00 3.500000000000000333e-02 2.724200000000000232e-02 1.561301241968330623e-02 4.910510620818335781e+00 1.679874540458788090e-01
5.676712328767123061e+00 3.500000000000000333e-02 2.806999999999999773e-02 1.940985873085305374e-02 4.914309498823588029e+00 1.717307966915303796e-01
5.673972602739725701e+00 3.500000000000000333e-02 2.820699999999999943e-02 1.986362914601074586e-02 4.914763472237993369e+00 1.721792020156583114e-01
5.671232876712328341e+00 3.500000000000000333e-02 2.915999999999999842e-02 2.501777160629983787e-02 4.919919694489991002e+00 1.772782662879383853e-01
5.668493150684931869e+00 3.500000000000000333e-02 2.911099999999999799e-02 2.439482688961870302e-02 4.919296570018198089e+00 1.766601043770610058e-01
5.665753424657535398e+00 3.500000000000000333e-02 2.937100000000000127e-02 2.554579851815110686e-02 4.920447870595760165e+00 1.778023220072227351e-01
5.660273972602739789e+00 3.500000000000000333e-02 2.935400000000000162e-02 2.476476997121200216e-02 4.919666624186223025e+00 1.770270932909526473e-01
5.657534246575342429e+00 3.500000000000000333e-02 3.036799999999999916e-02 3.021290598715969250e-02 4.925116061063850026e+00 1.824405300863008728e-01
5.654794520547945069e+00 3.500000000000000333e-02 2.990600000000000203e-02 2.723670991190853610e-02 4.922139429455658188e+00 1.794759981299820784e-01
5.652054794520547709e+00 3.500000000000000333e-02 3.035500000000000004e-02 2.945112604661700301e-02 4.924354126257292741e+00 1.816828899086485871e-01
5.649315068493150349e+00 3.500000000000000333e-02 3.070199999999999665e-02 3.107775604953270238e-02 4.925980945259417432e+00 1.833044497511324145e-01
5.646575342465752989e+00 3.500000000000000333e-02 3.263699999999999934e-02 4.080290774231823403e-02 4.933482098652903325e+00 1.960500034888665033e-01
5.641095890410959157e+00 3.500000000000000333e-02 3.307399999999999923e-02 4.209530231508520209e-02 4.934936593029760843e+00 1.970379570678053860e-01
5.638356164383561797e+00 3.500000000000000333e-02 3.482000000000000373e-02 5.016845971658710768e-02 4.943796003299999242e+00 2.034651332955527137e-01
5.635616438356164437e+00 3.500000000000000333e-02 3.601300000000000334e-02 5.551506842938882386e-02 4.949442304910106394e+00 2.080676001709131639e-01
5.632876712328767077e+00 3.500000000000000333e-02 3.373400000000000010e-02 4.399078789617037744e-02 4.937524198763453498e+00 1.976360074443462567e-01
5.630136986301369717e+00 3.500000000000000333e-02 3.286000000000000032e-02 3.926140471835288387e-02 4.932697922237439414e+00 1.931954909966153433e-01
5.627397260273972357e+00 3.500000000000000333e-02 3.343600000000000044e-02 4.167115187013982480e-02 4.935152946292985732e+00 1.954689401554216277e-01
5.619178082191781165e+00 3.500000000000000333e-02 3.389400000000000052e-02 4.263300621625868564e-02 4.936132420729594017e+00 1.963776081654353689e-01
5.616438356164383805e+00 3.500000000000000333e-02 3.365100000000000036e-02 4.101401870908698982e-02 4.934484060301965513e+00 1.948473738909318742e-01
5.613698630136985557e+00 3.500000000000000333e-02 3.233600000000000363e-02 3.411434367327093736e-02 4.927474044016414645e+00 1.882855297656786941e-01
5.610958904109589085e+00 3.500000000000000333e-02 3.141200000000000242e-02 2.910855974341218858e-02 4.922409812528711015e+00 1.834632725891858773e-01
5.608219178082191725e+00 3.500000000000000333e-02 3.187500000000000056e-02 3.098169901524223599e-02 4.924301927360966502e+00 1.852762727073959115e-01
5.602739726027397005e+00 3.500000000000000333e-02 3.185700000000000337e-02 3.004195009163389621e-02 4.923352882334903313e+00 1.843660288858562091e-01
5.599999999999999645e+00 3.500000000000000333e-02 3.259799999999999504e-02 3.327623706440935303e-02 4.926618147139967263e+00 1.875018001445426241e-01
5.597260273972603173e+00 3.500000000000000333e-02 3.234700000000000075e-02 3.161213586918650009e-02 4.924939590457425354e+00 1.858839215784269527e-01
5.594520547945205813e+00 3.500000000000000333e-02 3.139499999999999930e-02 2.647647933213433460e-02 4.919763870147371598e+00 1.808771135907074612e-01
5.591780821917808453e+00 3.500000000000000333e-02 3.042899999999999772e-02 2.124539456513113364e-02 4.914503373745742643e+00 1.757419099317705236e-01
5.589041095890411093e+00 3.500000000000000333e-02 2.884199999999999958e-02 1.488744598825451904e-02 4.890919406444930395e+00 1.429743525732097287e-01
5.580821917808219013e+00 3.500000000000000333e-02 2.915999999999999842e-02 1.549620753977225089e-02 4.891576251667316910e+00 1.432341244821815907e-01
5.578082191780821653e+00 3.500000000000000333e-02 2.823599999999999721e-02 1.035278993059773021e-02 4.882175260036501818e+00 1.443801586751107258e-01
5.575342465753424293e+00 3.500000000000000333e-02 2.979699999999999710e-02 1.948985092599817698e-02 4.881354660543949286e+00 1.589339579928752411e-01
5.572602739726027821e+00 3.500000000000000333e-02 3.038700000000000082e-02 2.198662796036619099e-02 4.884140606631067527e+00 1.602186721445237605e-01
5.569863013698631349e+00 3.500000000000000333e-02 3.121700000000000169e-02 2.565077799426710228e-02 4.888198121913099214e+00 1.621486624360803097e-01
5.564383561643835741e+00 3.500000000000000333e-02 3.143800000000000067e-02 2.589276095553335114e-02 4.888463568596080222e+00 1.622802086469225802e-01
5.561643835616438380e+00 3.500000000000000333e-02 3.053499999999999964e-02 2.103110109951485118e-02 4.883162470048266535e+00 1.595824645694106370e-01
5.558904109589041020e+00 3.500000000000000333e-02 3.019499999999999962e-02 1.892949587573565171e-02 4.880908914207005900e+00 1.583350719667005191e-01
5.556164383561643660e+00 3.500000000000000333e-02 3.027799999999999936e-02 1.891988503531732632e-02 4.880898638007437285e+00 1.583292950431463841e-01
5.553424657534246300e+00 3.500000000000000333e-02 3.063400000000000151e-02 2.025751050419990346e-02 4.882328350750517743e+00 1.591346113840879095e-01
5.550684931506848940e+00 3.500000000000000333e-02 3.047699999999999715e-02 1.906158036136042233e-02 4.881052601181353978e+00 1.584081615460520287e-01
5.545205479452055108e+00 3.500000000000000333e-02 3.047699999999999715e-02 1.821959800940622237e-02 4.880155959281367473e+00 1.578926486406559415e-01
5.542465753424657748e+00 3.500000000000000333e-02 3.103899999999999715e-02 2.056609875886525329e-02 4.882648906733773941e+00 1.593451294520144002e-01
5.539726027397260388e+00 3.500000000000000333e-02 3.160299999999999915e-02 2.291241709260264520e-02 4.885120782424065666e+00 1.608603864438538367e-01
5.536986301369863028e+00 3.500000000000000333e-02 3.167199999999999876e-02 2.282659958983704329e-02 4.885030952065459786e+00 1.608029483632409384e-01
5.534246575342465668e+00 3.500000000000000333e-02 2.989399999999999696e-02 1.362909638878806104e-02 4.875585714602650000e+00 1.538450784742903255e-01
5.531506849315068308e+00 3.500000000000000333e-02 2.848099999999999937e-02 7.749293241486334381e-03 4.859708771908122671e+00 9.866616193187323358e-02
5.526027397260273588e+00 3.500000000000000333e-02 2.881899999999999740e-02 8.599862379354528477e-03 4.860604615938475703e+00 9.900746282652947428e-02
5.523287671232877116e+00 3.500000000000000333e-02 2.888500000000000095e-02 8.509754169448321276e-03 4.860509736532097058e+00 9.897123194518119005e-02
5.520547945205479756e+00 3.500000000000000333e-02 2.900200000000000000e-02 8.673065078085654897e-03 4.860681693454224295e+00 9.903689995045698857e-02
5.517808219178082396e+00 3.500000000000000333e-02 2.836100000000000079e-02 5.057882291595316993e-03 4.856882907335530852e+00 9.756055576866401458e-02
5.515068493150685036e+00 3.500000000000000333e-02 2.697900000000000298e-02 -8.599912672745027142e-04 4.836507555703505545e+00 7.229462241146286661e-02
5.512328767123287676e+00 3.500000000000000333e-02 2.681099999999999803e-02 -2.188612496112096219e-03 4.835511642577549729e+00 7.150132938995960863e-02
5.506849315068492956e+00 3.500000000000000333e-02 2.702900000000000094e-02 -1.605545477320816658e-03 4.835949635365081711e+00 7.185056280467190526e-02
5.504109589041095596e+00 3.500000000000000333e-02 2.654199999999999962e-02 -4.796909879819902071e-03 4.833539676608840985e+00 6.992423000973438385e-02
5.501369863013698236e+00 3.500000000000000333e-02 2.858199999999999977e-02 6.189733889063952013e-03 4.838207105711526346e+00 8.140986092679305952e-02
5.498630136986301764e+00 3.500000000000000333e-02 2.829399999999999971e-02 1.992644866247744034e-02 4.852935869636929134e+00 8.942628861491479231e-02
5.495890410958904404e+00 3.500000000000000333e-02 2.797200000000000034e-02 1.793181983088975098e-02 4.850859216152718645e+00 8.806040018909126743e-02
5.493150684931507044e+00 3.500000000000000333e-02 2.957199999999999759e-02 2.531797657259039769e-02 4.858521380219380958e+00 9.323682009823196226e-02
5.487671232876712324e+00 3.500000000000000333e-02 2.967499999999999652e-02 2.497605993957950632e-02 4.858168622151201710e+00 9.298779183209970878e-02
5.484931506849314964e+00 3.500000000000000333e-02 2.906100000000000003e-02 2.157379018832973963e-02 4.854660522295845659e+00 9.049925690247596910e-02
5.482191780821917604e+00 3.500000000000000333e-02 2.960799999999999890e-02 2.380989366437436319e-02 4.856962322702619517e+00 9.215542569281252872e-02
5.479452054794520244e+00 3.500000000000000333e-02 2.926699999999999788e-02 2.173504445680220915e-02 4.854828501864868251e+00 9.060773064607985372e-02
5.476712328767122884e+00 3.500000000000000333e-02 2.991899999999999768e-02 2.447326000390931747e-02 4.857641364746418056e+00 9.266822159580764828e-02
5.473972602739726412e+00 3.500000000000000333e-02 2.964699999999999974e-02 2.273600308169862125e-02 4.855859472984207059e+00 9.134493255088348140e-02
5.468493150684931692e+00 3.500000000000000333e-02 2.969899999999999970e-02 2.214542837248922522e-02 4.855254113809856165e+00 9.089273226146284135e-02
5.465753424657534332e+00 3.500000000000000333e-02 2.906600000000000156e-02 1.865823852029790605e-02 4.851682976205940356e+00 8.820222406889337285e-02
5.463013698630136972e+00 3.500000000000000333e-02 2.961499999999999896e-02 2.089757395819141772e-02 4.853968738972540109e+00 8.997916951537475450e-02
5.460273972602739612e+00 3.500000000000000333e-02 3.052900000000000058e-02 2.488273294913752667e-02 4.858027623692668939e+00 9.320414066578437684e-02
5.457534246575342252e+00 3.500000000000000333e-02 3.032300000000000273e-02 2.346878245702912688e-02 4.856592295236011658e+00 9.202273530672319679e-02
5.454794520547944892e+00 3.500000000000000333e-02 3.096699999999999800e-02 2.613794813860850774e-02 4.859299784420343826e+00 9.426962285676708519e-02
5.449315068493151060e+00 3.500000000000000333e-02 3.115800000000000167e-02 2.620373643282278286e-02 4.859366419207778343e+00 9.432584556662686193e-02
5.446575342465753700e+00 3.500000000000000333e-02 3.164600000000000052e-02 2.810869036870304247e-02 4.861295541737042036e+00 9.595681388383216215e-02
5.443835616438356340e+00 3.500000000000000333e-02 3.178799999999999681e-02 2.835942232099652668e-02 4.861549218077524159e+00 9.617361266445272061e-02
5.441095890410958980e+00 3.500000000000000333e-02 3.236599999999999894e-02 3.067916625404532374e-02 4.863895469106207514e+00 9.818606522633903377e-02
5.438356164383561620e+00 3.500000000000000333e-02 3.159000000000000002e-02 2.656497870160125577e-02 4.859744370573468863e+00 9.452004483180495575e-02
5.435616438356164259e+00 3.500000000000000333e-02 3.191399999999999793e-02 2.768067992135462771e-02 4.860866867030526173e+00 9.554863953196911230e-02
5.430136986301369539e+00 3.500000000000000333e-02 3.244400000000000062e-02 2.934082338577484808e-02 4.862536712096690472e+00 9.708379707076669751e-02
5.427397260273972179e+00 3.500000000000000333e-02 3.261499999999999816e-02 2.972211123917157041e-02 4.862920066141807496e+00 9.743823696493247866e-02
5.424657534246575707e+00 3.500000000000000333e-02 3.271799999999999708e-02 2.978096916859779633e-02 4.862979241509644446e+00 9.749296794431261404e-02
5.421917808219178347e+00 3.500000000000000333e-02 3.352600000000000025e-02 3.315657163537208407e-02 4.866371656319858019e+00 1.006479075946633550e-01
5.419178082191780987e+00 3.500000000000000333e-02 3.404399999999999787e-02 3.515486890625395960e-02 4.868376494538682486e+00 1.025573013669789091e-01
5.416438356164383627e+00 3.500000000000000333e-02 3.297900000000000137e-02 2.972710723181924350e-02 4.862935917964454013e+00 9.730744617702996591e-02
5.408219178082192435e+00 3.500000000000000333e-02 3.335799999999999876e-02 3.022212070415764007e-02 4.863431568310979891e+00 9.779341598389415524e-02
5.405479452054794187e+00 3.500000000000000333e-02 3.453599999999999726e-02 3.529710044423919890e-02 4.868512296081953572e+00 1.027864552608523663e-01
5.402739726027396827e+00 3.500000000000000333e-02 3.360199999999999992e-02 3.050666086485462683e-02 4.863718583827086661e+00 9.804314226574692426e-02
5.400000000000000355e+00 3.500000000000000333e-02 3.427800000000000291e-02 3.323329116154416507e-02 4.866446570292442431e+00 1.007501606445382059e-01
5.397260273972602995e+00 3.500000000000000333e-02 3.436999999999999778e-02 3.323079977684658542e-02 4.866444077783062205e+00 1.007476855421381295e-01
5.391780821917808275e+00 3.500000000000000333e-02 3.436999999999999778e-02 3.236869155064193981e-02 4.865581581364315511e+00 9.989119763255538409e-02
5.389041095890410915e+00 3.500000000000000333e-02 3.452799999999999619e-02 3.267178590894031370e-02 4.865884810225791668e+00 1.001923442500408934e-01
5.386301369863013555e+00 3.500000000000000333e-02 3.576999999999999624e-02 3.798471288630841242e-02 4.871199760958625724e+00 1.054759148520038325e-01
5.383561643835616195e+00 3.500000000000000333e-02 3.600000000000000422e-02 3.860939348170448759e-02 4.871824586503897159e+00 1.060984854346884443e-01
5.380821917808218835e+00 3.500000000000000333e-02 3.661799999999999777e-02 4.101100096359066444e-02 4.874226735172201508e+00 1.084922129567497395e-01
5.378082191780821475e+00 3.500000000000000333e-02 3.636199999999999849e-02 3.940275175390467455e-02 4.872618166404529383e+00 1.068886202437582950e-01
5.372602739726027643e+00 3.500000000000000333e-02 3.636199999999999849e-02 3.853296017803260753e-02 4.871748212335487160e+00 1.060211974481395925e-01
5.369863013698630283e+00 3.500000000000000333e-02 3.689400000000000318e-02 4.053049888612392238e-02 4.873746109755426659e+00 1.080135052954353109e-01
5.367123287671232923e+00 3.500000000000000333e-02 3.751700000000000174e-02 4.293196712623739003e-02 4.876147949433485174e+00 1.104095526078609502e-01
5.364383561643835563e+00 3.500000000000000333e-02 3.767999999999999822e-02 4.323523252739873424e-02 4.876451254149088754e+00 1.107122437255067121e-01
5.361643835616438203e+00 3.500000000000000333e-02 3.929099999999999954e-02 5.009365309923375503e-02 4.883128554618034300e+00 1.176245133734673820e-01
5.358904109589040843e+00 3.500000000000000333e-02 3.977100000000000080e-02 5.180665519333491065e-02 4.884839108767486948e+00 1.193373440323284990e-01
5.353424657534247011e+00 3.500000000000000333e-02 4.036599999999999910e-02 5.360855077095944693e-02 4.886363096922118565e+00 1.212345300852033653e-01
5.350684931506849651e+00 3.500000000000000333e-02 4.198599999999999555e-02 5.848362281742947727e-02 4.908251532087660962e+00 8.015230882598782525e-02
5.347945205479452291e+00 3.500000000000000333e-02 4.195499999999999924e-02 5.790299024666285821e-02 4.907654869143559750e+00 7.971475689121491903e-02
5.345205479452054931e+00 3.500000000000000333e-02 3.951299999999999951e-02 4.692935163802569587e-02 4.895119322842423237e+00 7.110913467510249220e-02
5.342465753424657571e+00 3.500000000000000333e-02 4.017099999999999838e-02 4.938563895395367553e-02 4.897609569380825256e+00 7.332333625449254100e-02
5.339726027397260211e+00 3.500000000000000333e-02 4.086499999999999855e-02 5.198152401449961796e-02 4.900239693794410378e+00 7.567341678978543873e-02
5.334246575342465491e+00 3.500000000000000333e-02 4.067300000000000082e-02 5.025347499379045901e-02 4.898489984467421010e+00 7.410206666642871198e-02
5.331506849315068131e+00 3.500000000000000333e-02 3.881600000000000328e-02 4.169191877014820358e-02 4.889135192549930231e+00 6.641613626676033666e-02
5.328767123287671659e+00 3.500000000000000333e-02 3.853899999999999687e-02 4.000630056420944464e-02 4.887465850713899940e+00 6.480724613355975938e-02
5.326027397260274299e+00 3.500000000000000333e-02 3.964499999999999968e-02 4.456144035207099813e-02 4.891544604173899913e+00 6.931219650824618772e-02
5.323287671232876939e+00 3.500000000000000333e-02 4.072400000000000325e-02 4.884199709192188488e-02 4.895870922433017469e+00 7.340813940970829232e-02
5.320547945205479579e+00 3.500000000000000333e-02 4.149300000000000210e-02 5.174408842943683390e-02 4.898799886431100425e+00 7.620067593115657789e-02
5.312328767123288387e+00 3.500000000000000333e-02 4.173899999999999832e-02 5.147288000626498716e-02 4.898526322592506865e+00 7.593911112390662466e-02
5.309589041095890138e+00 3.500000000000000333e-02 4.172200000000000214e-02 5.095306692278677579e-02 4.898002001195638222e+00 7.543775783121617340e-02
5.306849315068492778e+00 3.500000000000000333e-02 4.121199999999999863e-02 4.829657230924070538e-02 4.895323020958580074e+00 7.287348151601122370e-02
5.304109589041096307e+00 3.500000000000000333e-02 4.207400000000000029e-02 5.055647031008138337e-02 4.907952312408317752e+00 4.075252165207419314e-02
5.301369863013698946e+00 3.500000000000000333e-02 4.269400000000000278e-02 5.703179819551736779e-02 4.912276356205953931e+00 5.355355066232869027e-02
5.295890410958904226e+00 3.500000000000000333e-02 4.248199999999999893e-02 5.343530847455892074e-02 4.912233068254832524e+00 3.950851697814103392e-02
5.293150684931506866e+00 3.500000000000000333e-02 4.232300000000000645e-02 5.089225314633058495e-02 4.912202413855099259e+00 2.978214691704810305e-02
5.290410958904109506e+00 3.500000000000000333e-02 4.221700000000000452e-02 4.908632049629591682e-02 4.912180625376019627e+00 2.295766654622647188e-02
5.287671232876712146e+00 3.500000000000000333e-02 4.358599999999999974e-02 6.877570606988717139e-02 4.912431894591327008e+00 7.114313603700353483e-02
5.284931506849314786e+00 3.500000000000000333e-02 4.448099999999999971e-02 8.166065169567822413e-02 4.912605688422236661e+00 9.661575101723805792e-02
5.282191780821917426e+00 3.500000000000000333e-02 4.348300000000000082e-02 6.640927832776584439e-02 4.912389258477640297e+00 6.997454592746694957e-02
5.276712328767123594e+00 3.500000000000000333e-02 4.328599999999999809e-02 6.273955688468957348e-02 4.912335881095746259e+00 6.386004978406305266e-02
5.273972602739726234e+00 3.500000000000000333e-02 4.366199999999999942e-02 6.802602538516089314e-02 4.912413300142405070e+00 7.256433329046815817e-02
5.271232876712328874e+00 3.500000000000000333e-02 4.259199999999999792e-02 5.149665058909327214e-02 4.912156246195181986e+00 4.765871887379913990e-02
5.268493150684932402e+00 3.500000000000000333e-02 4.188200000000000256e-02 4.111800710863950520e-02 4.937290991200663726e+00 1.161256480770836604e-02
5.265753424657534154e+00 3.500000000000000333e-02 4.065799999999999970e-02 3.180157557439296928e-02 4.942663787049862201e+00 -1.063543763300412934e-02
5.263013698630136794e+00 3.500000000000000333e-02 4.180900000000000588e-02 4.080437736108859237e-02 4.966001564486884234e+00 -2.838464782204454598e-02
5.257534246575342074e+00 3.500000000000000333e-02 4.201900000000000079e-02 4.323010655232153304e-02 4.966033111134179556e+00 -2.305245687799926599e-02
5.254794520547945602e+00 3.500000000000000333e-02 4.230000000000000426e-02 4.703997734491070087e-02 4.966082773811755224e+00 -1.475110612687326878e-02
5.252054794520548242e+00 3.500000000000000333e-02 4.272199999999999609e-02 5.292775045779737203e-02 4.966160017465514720e+00 -2.218741802942316137e-03
5.249315068493150882e+00 3.500000000000000333e-02 4.304000000000000187e-02 5.727349562387301640e-02 4.966217413841176764e+00 6.821381601585726172e-03
5.246575342465753522e+00 3.500000000000000333e-02 4.365999999999999742e-02 6.608158463203818445e-02 4.966335758833113623e+00 2.419383375879768927e-02
5.243835616438356162e+00 3.500000000000000333e-02 4.330799999999999927e-02 6.051440870578179282e-02 4.966259600414205444e+00 1.373435953061204196e-02
5.238356164383561442e+00 3.500000000000000333e-02 4.341400000000000120e-02 6.137843338670122273e-02 4.966271488528718692e+00 1.533466678430130993e-02
5.235616438356164082e+00 3.500000000000000333e-02 4.394699999999999995e-02 6.892549584352782033e-02 4.966376917014772019e+00 2.882800522218900013e-02
5.232876712328766722e+00 3.500000000000000333e-02 4.297299999999999731e-02 5.398045176857438343e-02 4.966151171237584983e+00 5.576266737683977133e-03
5.230136986301370250e+00 3.500000000000000333e-02 4.244399999999999562e-02 4.562917764720400560e-02 4.966014910426281403e+00 -6.277707708481491782e-03
5.227397260273972890e+00 3.500000000000000333e-02 3.935799999999999715e-02 1.598778495346181439e-02 4.963421100375554396e+00 -1.025710724008073449e-01
5.219178082191780810e+00 3.500000000000000333e-02 4.016000000000000125e-02 1.804240618357526305e-02 4.966266728804438202e+00 -1.021403939558578472e-01
5.216438356164384338e+00 3.500000000000000333e-02 3.994999999999999940e-02 1.674259028122516285e-02 4.964496576216960833e+00 -1.024178676245915687e-01
5.213698630136986090e+00 3.500000000000000333e-02 3.900800000000000101e-02 1.237060031221680692e-02 4.958712478017700320e+00 -1.033818402179722817e-01
5.210958904109588730e+00 3.500000000000000333e-02 3.853700000000000181e-02 9.940779895869548966e-03 4.955696949160821596e+00 -1.039720726579766857e-01
5.208219178082191370e+00 3.500000000000000333e-02 3.937100000000000322e-02 1.305310808403213618e-02 4.959473199195134185e+00 -1.031839413004883715e-01
5.205479452054794898e+00 3.500000000000000333e-02 4.008499999999999563e-02 1.564895997351823873e-02 4.962536489387515459e+00 -1.024856839848515833e-01
5.200000000000000178e+00 3.500000000000000333e-02 3.996199999999999752e-02 1.425149558400481270e-02 4.960914257915113978e+00 -1.028774721560131722e-01
5.197260273972602818e+00 3.500000000000000333e-02 4.024200000000000693e-02 1.500181095732090394e-02 4.961780817783582265e+00 -1.026641888041717326e-01
5.194520547945205458e+00 3.500000000000000333e-02 3.948000000000000120e-02 1.132154934812396388e-02 4.957574573008341368e+00 -1.037398881443744869e-01
5.191780821917808098e+00 3.500000000000000333e-02 3.876700000000000285e-02 7.822805550297481578e-03 4.953717354754143543e+00 -1.049010307376692236e-01
5.189041095890410737e+00 3.500000000000000333e-02 3.842099999999999682e-02 5.891295463501162316e-03 4.951630055424365295e+00 -1.056047691206326994e-01
5.186301369863013377e+00 3.500000000000000333e-02 3.869800000000000323e-02 6.647302723264976454e-03 4.952442635067543897e+00 -1.053212082138774014e-01
5.180821917808220434e+00 3.500000000000000333e-02 3.871499999999999941e-02 5.841163770486195589e-03 4.951577137083083890e+00 -1.056254552836222577e-01
5.178082191780822185e+00 3.500000000000000333e-02 3.873299999999999660e-02 5.478904649227425011e-03 4.951188704593532108e+00 -1.057631795360482879e-01
5.175342465753424825e+00 3.500000000000000333e-02 3.925399999999999723e-02 7.278402861075751289e-03 4.953115232969535597e+00 -1.050731053325114905e-01
5.172602739726028354e+00 3.500000000000000333e-02 3.752199999999999980e-02 2.921639019734138983e-03 4.923637511159499880e+00 -1.720895699828633996e-01
5.169863013698630105e+00 3.500000000000000333e-02 3.666099999999999914e-02 -1.200042670507160117e-03 4.918742674248687941e+00 -1.730849918495656337e-01
5.167123287671232745e+00 3.500000000000000333e-02 3.658799999999999553e-02 -1.947494761588945255e-03 4.917883883330417483e+00 -1.732818947315541702e-01
5.161643835616438025e+00 3.500000000000000333e-02 3.688099999999999712e-02 -1.549359898635017680e-03 4.918340792487398971e+00 -1.731766566819059050e-01
5.158904109589040665e+00 3.500000000000000333e-02 3.788099999999999801e-02 2.313619103166783542e-03 4.922734671736656686e+00 -1.721296038230580860e-01
5.156164383561644193e+00 3.500000000000000333e-02 3.749999999999999861e-02 2.370847620101663468e-04 4.920442894816020818e+00 -1.727584630780591990e-01
5.153424657534246833e+00 3.500000000000000333e-02 3.627500000000000169e-02 -5.507808599713057314e-03 4.914226448854001283e+00 -1.746540607257015265e-01
5.150684931506849473e+00 3.500000000000000333e-02 3.711800000000000516e-02 -2.276856515168065170e-03 4.917621284684400962e+00 -1.733581389759454305e-01
5.147945205479452113e+00 3.500000000000000333e-02 3.772099999999999759e-02 -1.025979464157247817e-04 4.919890909565694415e+00 -1.724352937177282830e-01
5.142465753424657393e+00 3.500000000000000333e-02 3.782500000000000445e-02 -5.323382183577859928e-04 4.919443528654305453e+00 -1.726223981562265974e-01
5.139726027397260033e+00 3.500000000000000333e-02 3.791100000000000025e-02 -6.008586199597885967e-04 4.919372204260655579e+00 -1.726522666488246871e-01
5.136986301369862673e+00 3.500000000000000333e-02 3.645600000000000229e-02 -7.350241023195451182e-03 4.912404875641497526e+00 -1.758406104321561525e-01
5.134246575342465313e+00 3.500000000000000333e-02 3.616199999999999970e-02 -9.070368292663336801e-03 4.910654298559507858e+00 -1.768494401014966133e-01
5.131506849315068841e+00 3.500000000000000333e-02 3.621200000000000113e-02 -9.289762366548619602e-03 4.910431163309000091e+00 -1.769796516979183221e-01
5.128767123287672369e+00 3.500000000000000333e-02 3.622500000000000026e-02 -9.670693218426784643e-03 4.910043744717426328e+00 -1.772058243084800588e-01
5.123287671232876761e+00 3.500000000000000333e-02 3.655300000000000216e-02 -9.118793424694878261e-03 4.910605007227060170e+00 -1.768777352274370218e-01
5.120547945205479401e+00 3.500000000000000333e-02 3.719399999999999790e-02 -6.776982135033543346e-03 4.912985288385822713e+00 -1.754718193133044390e-01
5.117808219178082041e+00 3.500000000000000333e-02 3.794099999999999556e-02 -3.990916741860147700e-03 4.915809643091681558e+00 -1.737067236210289023e-01
5.115068493150684681e+00 3.500000000000000333e-02 3.778399999999999814e-02 -5.108308376051392055e-03 4.914679709422674847e+00 -1.744565101353727776e-01
5.112328767123287321e+00 3.500000000000000333e-02 3.806299999999999961e-02 -4.347682241891193122e-03 4.915448554932904557e+00 -1.739408911032323812e-01
5.109589041095890849e+00 3.500000000000000333e-02 3.862200000000000355e-02 -2.388961266819232716e-03 4.917427593721182433e+00 -1.725989111176605972e-01
5.101369863013698769e+00 3.500000000000000333e-02 3.856899999999999912e-02 -3.942539424819507810e-03 4.915860230482008930e+00 -1.737061429623558972e-01
5.098630136986301409e+00 3.500000000000000333e-02 3.944899999999999796e-02 -6.281398744894717192e-04 4.919199407897625775e+00 -1.712498476448373885e-01
5.095890410958904049e+00 3.500000000000000333e-02 3.973199999999999649e-02 1.315950086301055308e-04 4.919963027427623814e+00 -1.706418164647022784e-01
5.093150684931506689e+00 3.500000000000000333e-02 3.944500000000000089e-02 -1.532366298555800158e-03 4.918290860768204986e+00 -1.719820026192339646e-01
5.090410958904109329e+00 3.500000000000000333e-02 4.000399999999999789e-02 3.967199530064896627e-04 4.920228264099383075e+00 -1.703930812701901221e-01
5.082191780821918137e+00 3.500000000000000333e-02 3.998600000000000071e-02 -1.013435979917840261e-03 4.918812971844637616e+00 -1.715845673504353408e-01
5.079452054794520777e+00 3.500000000000000333e-02 3.906199999999999950e-02 -5.377354770806488937e-03 4.914436585786864597e+00 -1.753883870908524156e-01
5.076712328767123417e+00 3.500000000000000333e-02 3.845400000000000207e-02 -7.052148280145712454e-03 4.904678129012255638e+00 -2.241462365560640824e-01
5.073972602739726057e+00 3.500000000000000333e-02 3.920099999999999973e-02 -4.317402321965497364e-03 4.907503089798600726e+00 -2.228638815437188614e-01
5.071232876712328697e+00 3.500000000000000333e-02 3.704899999999999860e-02 -1.395529254859654081e-02 4.897709379730695645e+00 -2.285814165417752730e-01
5.065753424657533976e+00 3.500000000000000333e-02 3.704899999999999860e-02 -1.483438626361591704e-02 4.896824046912238160e+00 -2.292382061812548166e-01
5.063013698630136616e+00 3.500000000000000333e-02 3.666799999999999921e-02 -1.691142414138465180e-02 4.894732518184653713e+00 -2.307957774977780763e-01
5.060273972602740145e+00 3.500000000000000333e-02 3.723699999999999927e-02 -1.490678840553644538e-02 4.896750411234141787e+00 -2.292752464701194870e-01
5.057534246575342785e+00 3.500000000000000333e-02 3.661400000000000071e-02 -1.802106198772384857e-02 4.893617048244582435e+00 -2.316744760459731323e-01
5.054794520547945424e+00 3.500000000000000333e-02 3.537399999999999572e-02 -2.133708400548392850e-02 4.874135922427947243e+00 -2.965809052163081994e-01
5.052054794520548064e+00 3.500000000000000333e-02 3.596900000000000097e-02 -1.921740586155403982e-02 4.876443504776613480e+00 -2.959042114576018179e-01
5.043835616438355984e+00 3.500000000000000333e-02 3.619300000000000295e-02 -1.956325733390208710e-02 4.876068610074546505e+00 -2.960170197470409215e-01
5.041095890410958624e+00 3.500000000000000333e-02 3.619200000000000195e-02 -2.000265870715672509e-02 4.875592398094050317e+00 -2.961604780041727780e-01
5.038356164383561264e+00 3.500000000000000333e-02 3.438499999999999890e-02 -2.806191793305643986e-02 4.865780515906808823e+00 -2.989025429752861229e-01
5.035616438356164792e+00 3.500000000000000333e-02 3.486299999999999816e-02 -2.642685232856099506e-02 4.867475793457336053e+00 -2.981211093550810709e-01
5.032876712328767432e+00 3.500000000000000333e-02 3.564900000000000013e-02 -2.347321502177907027e-02 4.870532974065330478e+00 -2.966842321218679523e-01
5.027397260273972712e+00 3.500000000000000333e-02 3.568299999999999944e-02 -2.419968033334152224e-02 4.869783323397949282e+00 -2.970498310801800712e-01
5.024657534246575352e+00 3.500000000000000333e-02 3.621800000000000019e-02 -2.234132567487755183e-02 4.871699954452057391e+00 -2.961087833330857677e-01
5.021917808219177992e+00 3.500000000000000333e-02 3.574900000000000300e-02 -2.478968057680611126e-02 4.869180190424718724e+00 -2.973805105239481494e-01
5.019178082191780632e+00 3.500000000000000333e-02 3.525799999999999768e-02 -2.733689946995370920e-02 4.866567295088388256e+00 -2.987609765459157130e-01
5.016438356164383272e+00 3.500000000000000333e-02 3.524099999999999455e-02 -2.784598075655343036e-02 4.866046531759748994e+00 -2.990479150220330395e-01
