1.268493150684931514e+00 0.000000000000000000e+00 3.734184380145029736e-01 -3.634184762687442394e-01 9.963178433829747860e+01 9.963166740848659231e+01 6.684175065672804950e-01 6.684177860724577203e-01 3.684078999240473773e-01
1.265753424657534154e+00 0.000000000000000000e+00 4.755343794047999784e-01 -4.655344222303962054e-01 9.952969264291854756e+01 9.952956172827224179e+01 7.705333366499679260e-01 7.705336495559763632e-01 4.705225819808863119e-01
1.263013698630137016e+00 0.000000000000000000e+00 4.697089196848697190e-01 -4.597089623008573378e-01 9.953551699084326287e+01 9.953538671748114552e+01 7.647078820337817051e-01 7.647081934082747834e-01 4.646971800048150247e-01
1.257534246575342296e+00 0.000000000000000000e+00 4.716511675664293302e-01 -4.616512102421100883e-01 9.953357505959020557e+01 9.953344460359454615e+01 7.666501284618839618e-01 7.666504402725262679e-01 4.666394114419089578e-01
1.254794520547945158e+00 0.000000000000000000e+00 4.665420242757083447e-01 -4.565420668084390066e-01 9.953868344461673701e+01 9.953855342599614175e+01 7.615409886518623717e-01 7.615412994180273953e-01 4.615303075319539539e-01
1.252054794520548020e+00 0.000000000000000000e+00 4.767754916223590489e-01 -4.667755344222562219e-01 9.952845139443684275e+01 9.952832055837532721e+01 7.717744494932856636e-01 7.717747622115196382e-01 4.717637012781706329e-01
1.249315068493150882e+00 0.000000000000000000e+00 4.685217148242464824e-01 -4.585217574188426570e-01 9.953670408222298249e+01 9.953657387431994152e+01 7.635206776940365314e-01 7.635209889122270832e-01 4.635099810374549434e-01
1.246575342465753522e+00 0.000000000000000000e+00 4.719313659219397938e-01 -4.619314085983668994e-01 9.953329486519967872e+01 9.953316440691560274e+01 7.669303267992176876e-01 7.669306386153151855e-01 4.669196095917666489e-01
1.243835616438356162e+00 0.000000000000000000e+00 4.828626158970980575e-01 -4.728626588280480103e-01 9.952236496534159471e+01 9.952223372828706260e+01 7.778615705770195454e-01 7.778618842528010058e-01 4.778507894496990538e-01
1.238356164383561664e+00 0.000000000000000000e+00 4.811094806534543800e-01 -4.711095235444159313e-01 9.952411788846569607e+01 9.952398677376534408e+01 7.761084363070523962e-01 7.761087496906551308e-01 4.760976652222882466e-01
1.235616438356164304e+00 0.000000000000000000e+00 4.760638521098634057e-01 -4.660638948878457199e-01 9.952916291770863211e+01 9.952903214869583337e+01 7.710628105143813027e-01 7.710631230724952490e-01 4.710520678027445562e-01
1.232876712328767166e+00 0.000000000000000000e+00 4.977774352127836699e-01 -4.873982036819918262e-01 9.950517909941345351e+01 9.951265025234221184e+01 7.956593460770091664e-01 7.958789168049996698e-01 4.950764139987317569e-01
1.230136986301369806e+00 0.000000000000000000e+00 4.953803811650884792e-01 -4.851293689933039444e-01 9.950828624048567406e+01 9.951305152871715620e+01 7.923787103045604185e-01 7.925378621100949150e-01 4.919579717628393967e-01
1.227397260273972890e+00 0.000000000000000000e+00 5.453123302164807340e-01 -5.328761347016480743e-01 9.944745487370296644e+01 9.950376706949789707e+01 8.555741623671641038e-01 8.565293735663015440e-01 5.529483443929056330e-01
1.224657534246575308e+00 0.000000000000000000e+00 5.306788996901922184e-01 -5.188080667681643776e-01 9.946476769952121799e+01 9.950666682280522934e+01 8.377115002536752453e-01 8.384842457660299786e-01 5.355979170891823626e-01
1.216438356164383672e+00 0.000000000000000000e+00 5.355889972222350748e-01 -5.235554995592001104e-01 9.945912529169603999e+01 9.950561527576330434e+01 8.434963691840402511e-01 8.443157552294209278e-01 5.412502499777412934e-01
1.213698630136986312e+00 0.000000000000000000e+00 5.447381177634678107e-01 -5.324513457092823199e-01 9.944888918257109367e+01 9.950347258873050293e+01 8.539340879895664926e-01 8.548186965916437785e-01 5.515006997295132107e-01
1.210958904109588952e+00 0.000000000000000000e+00 5.310842656437090303e-01 -5.191131113271832964e-01 9.946384669188037719e+01 9.950696485830070515e+01 8.387434810528003881e-01 8.395533827292382956e-01 5.365262540160621318e-01
1.208219178082191814e+00 0.000000000000000000e+00 5.234958363766183398e-01 -5.116725817952104682e-01 9.947202833034576486e+01 9.950907114943483123e+01 8.304585928666854411e-01 8.312356437745884730e-01 5.283369517178935215e-01
1.205479452054794454e+00 0.000000000000000000e+00 5.201701587001589244e-01 -5.084010744535348847e-01 9.947556587079569113e+01 9.951007561269601354e+01 8.268849774773419092e-01 8.276506258509647163e-01 5.247966671873561806e-01
1.197260273972602818e+00 0.000000000000000000e+00 5.135060133835723795e-01 -5.018273928840654152e-01 9.948257644690511370e+01 9.951226377545664548e+01 8.198164172603311650e-01 8.205638484265062038e-01 5.177815563255429021e-01
1.194520547945205680e+00 0.000000000000000000e+00 5.166042729094858510e-01 -5.048908592750270818e-01 9.947934728466962895e+01 9.951115542903373523e+01 8.230672057846328826e-01 8.238213917934978925e-01 5.210124657434378470e-01
1.191780821917808320e+00 0.000000000000000000e+00 5.158961948446046941e-01 -5.041893621174272644e-01 9.948007976216935333e+01 9.951143057053924679e+01 8.223307346101692561e-01 8.230836804263429451e-01 5.202796534531081152e-01
1.189041095890410960e+00 0.000000000000000000e+00 5.025365874720397752e-01 -4.909310656404340945e-01 9.949381013329914936e+01 9.951708709104728712e+01 8.085400620347308331e-01 8.092744023970204204e-01 5.065439922289386443e-01
1.186301369863013599e+00 0.000000000000000000e+00 5.118779096743489854e-01 -5.002136933402007157e-01 9.948425615003392863e+01 9.951281764193528545e+01 8.181285345102411455e-01 8.188734480639567881e-01 5.161011495205826138e-01
1.180821917808219101e+00 0.000000000000000000e+00 5.057757750469101810e-01 -4.941433015265854767e-01 9.949047231771523059e+01 9.951582018637610361e+01 8.118938752220488109e-01 8.126331601994102316e-01 5.098831851934160220e-01
1.178082191780821963e+00 0.000000000000000000e+00 5.002572862805489962e-01 -4.886484157556325592e-01 9.949607495390671374e+01 9.951874060742514416e+01 8.062775573156832909e-01 8.070127125955767200e-01 5.042791329837821301e-01
1.175342465753424603e+00 0.000000000000000000e+00 5.033721080362597577e-01 -4.917522369586092568e-01 9.949292116978874390e+01 9.951697721431179389e+01 8.094377106626461371e-01 8.101747702953158159e-01 5.074336233216362180e-01
1.172602739726027687e+00 0.000000000000000000e+00 5.039381616290504740e-01 -4.923166488226762838e-01 9.949234933663393576e+01 9.951663517699940087e+01 8.100104967297879766e-01 8.107478380491733860e-01 5.080055707380273233e-01
1.169863013698630105e+00 0.000000000000000000e+00 5.146053913949888425e-01 -5.029587573335577710e-01 9.948159419963428718e+01 9.950976586273175428e+01 8.207803115468916832e-01 8.215219301664529183e-01 5.187626350460129432e-01
1.167123287671232967e+00 0.000000000000000000e+00 5.027116317936853873e-01 -4.910879084340857292e-01 9.949356768321746358e+01 9.951787023772584462e+01 8.087933007892255111e-01 8.095310416416364729e-01 5.067871982391215502e-01
1.161643835616438247e+00 0.000000000000000000e+00 4.995818661537568817e-01 -4.879631447355326501e-01 9.949671476306701834e+01 9.952010746807430053e+01 8.056432274144323946e-01 8.063801254804976448e-01 5.036396434624048624e-01
1.158904109589041109e+00 0.000000000000000000e+00 5.027578770781579998e-01 -4.911349934432795994e-01 9.949352442885511039e+01 9.951772992165079756e+01 8.088360997658043949e-01 8.095736964017121728e-01 5.068304251347172107e-01
1.156164383561643527e+00 0.000000000000000000e+00 5.152416087777794695e-01 -5.036054748337389642e-01 9.948099540897219129e+01 9.950796767878063065e+01 8.213734071574899653e-01 8.221132202846359593e-01 5.193610871946461316e-01
1.153424657534246611e+00 0.000000000000000000e+00 5.167436632907759231e-01 -5.051061843031560139e-01 9.947948878547511242e+01 9.950675585451388372e+01 8.228808931449924646e-01 8.236209307745031571e-01 5.208678989779771396e-01
1.150684931506849251e+00 0.000000000000000000e+00 5.218110969112064179e-01 -5.101699886656748673e-01 9.947440913753577263e+01 9.950251628791330916e+01 8.279629623162377827e-01 8.287036043630010562e-01 5.259481483790513501e-01
1.147945205479451891e+00 0.000000000000000000e+00 5.211487094351897609e-01 -5.095079972809013480e-01 9.947507284630657409e+01 9.950308467798700462e+01 8.272989790126882292e-01 8.280395551882716587e-01 5.252843638879944876e-01
1.142465753424657615e+00 0.000000000000000000e+00 5.160036109844767793e-01 -5.043653856834211524e-01 9.948022613783787449e+01 9.950761563807630239e+01 8.221438700861487536e-01 8.228840332058705576e-01 5.201305059754536275e-01
1.139726027397260477e+00 0.000000000000000000e+00 5.295481994085958766e-01 -5.179046833253658777e-01 9.946666438299800461e+01 9.949542280225507795e+01 8.357097401490222177e-01 8.364507812783532614e-01 5.336937055692705378e-01
1.136986301369863117e+00 0.000000000000000000e+00 5.434886295557055380e-01 -5.318406565859233881e-01 9.945270974576772005e+01 9.948265250922148084e+01 8.496680873104219822e-01 8.504098676860947226e-01 5.476497934386270749e-01
1.134246575342465757e+00 0.000000000000000000e+00 5.408730532358378973e-01 -5.292257721993320896e-01 9.945532748293477709e+01 9.948508239057375135e+01 8.470497306560812456e-01 8.477913962885428312e-01 5.450317893911349465e-01
1.131506849315068397e+00 0.000000000000000000e+00 5.172081960756745866e-01 -5.055659307524783541e-01 9.947900753970702681e+01 9.950737124997344552e+01 8.233647287478136345e-01 8.241055625855927547e-01 5.213493636002050069e-01
1.128767123287671259e+00 0.000000000000000000e+00 5.230622496041447134e-01 -5.114189451710712264e-01 9.947315043067344220e+01 9.950180658011504420e+01 8.292229543076210518e-01 8.299639605175536117e-01 5.272070512817119692e-01
1.123287671232876761e+00 0.000000000000000000e+00 5.197654968451322910e-01 -5.081226747813510913e-01 9.947644854512866175e+01 9.950496706769484945e+01 8.259242654652567683e-01 8.266651916126441790e-01 5.239086147186103881e-01
1.120547945205479401e+00 0.000000000000000000e+00 5.492864026804765709e-01 -5.376401674883466431e-01 9.944691860937571448e+01 9.947642485427279269e+01 8.554588655170376477e-01 8.562003587780165903e-01 5.534414016641171497e-01
1.117808219178082485e+00 0.000000000000000000e+00 5.653777472463054066e-01 -5.537299714184112931e-01 9.943082345869235894e+01 9.946077996412446964e+01 8.715563896831818314e-01 8.722981392399581368e-01 5.695380947982652264e-01
1.115068493150684903e+00 0.000000000000000000e+00 5.496392673470197332e-01 -5.379927302260798516e-01 9.944656472579848128e+01 9.947615587756207844e+01 8.558129427327746397e-01 8.565544858863647359e-01 5.537953288595247603e-01
1.112328767123287765e+00 0.000000000000000000e+00 5.572430042893405933e-01 -5.455959737746257643e-01 9.943896000871801277e+01 9.946869788805915391e+01 8.634186575068932834e-01 8.641602830409746971e-01 5.614007662356895745e-01
1.109589041095890405e+00 0.000000000000000000e+00 5.628883672691978868e-01 -5.512410356635663033e-01 9.943331414550370084e+01 9.946314227119528084e+01 8.690652270368722787e-01 8.698069029729399437e-01 5.670471618496987221e-01
1.104109589041095907e+00 0.000000000000000000e+00 5.560903698311675525e-01 -5.444433369089026753e-01 9.944011252256673572e+01 9.946985044422848432e+01 8.622660331463302130e-01 8.630076589258359743e-01 5.602481460160696480e-01
1.101369863013698325e+00 0.000000000000000000e+00 5.668531531219379582e-01 -5.552057372805865310e-01 9.942934945189264795e+01 9.945920397374474931e+01 8.730303495977823625e-01 8.737720399523212222e-01 5.710122247278175411e-01
1.098630136986301409e+00 0.000000000000000000e+00 5.726834576153737588e-01 -5.610358720873801497e-01 9.942351912329795027e+01 9.945342574081711007e+01 8.788613331395420669e-01 8.796030522526246953e-01 5.768430980094161331e-01
1.095890410958904049e+00 0.000000000000000000e+00 5.589465393486902078e-01 -5.472992794768749558e-01 9.943725583989466088e+01 9.946706156488529871e+01 8.651231124980509612e-01 8.658647760739924815e-01 5.631051007671602493e-01
1.093150684931506911e+00 0.000000000000000000e+00 5.517885271088428523e-01 -5.401414074201679183e-01 9.944441364419355978e+01 9.947417552934027185e+01 8.579645400296724844e-01 8.587061795297605826e-01 5.559466302274529426e-01
1.090410958904109551e+00 0.000000000000000000e+00 5.537931889615704817e-01 -5.421460368403803187e-01 9.944240906437066485e+01 9.947218120019694254e+01 8.599693313863739919e-01 8.607109765040904525e-01 5.579513963877541505e-01
1.084931506849315053e+00 0.000000000000000000e+00 5.513058351169420890e-01 -5.396587158971698495e-01 9.944489629085133231e+01 9.947465789332099462e+01 8.574818463065001506e-01 8.582234856634636255e-01 5.554639389700062324e-01
1.082191780821917915e+00 0.000000000000000000e+00 5.648960780113339020e-01 -5.532488142685765276e-01 9.943130686665831774e+01 9.946111550215859154e+01 8.710726648431609265e-01 8.718143298688156850e-01 5.690546236564955063e-01
1.079452054794520555e+00 0.000000000000000000e+00 6.065532128554547153e-01 -5.949055963431780780e-01 9.938965255574912305e+01 9.941957837270368259e+01 9.127312021794862229e-01 9.134729310204874331e-01 6.107127949711174120e-01
1.076712328767123195e+00 0.000000000000000000e+00 6.055459458124670125e-01 -5.938983366001626685e-01 9.939065975022319321e+01 9.942058310214905248e+01 9.117239061587726345e-01 9.124656336593555128e-01 6.097055071974671892e-01
1.073972602739726057e+00 0.000000000000000000e+00 6.028466379982317935e-01 -5.911990447327906129e-01 9.939335885096446077e+01 9.942327668129394169e+01 9.090245351949665098e-01 9.097662596991202832e-01 6.070061565608430021e-01
1.071232876712328697e+00 0.000000000000000000e+00 6.071725824852985953e-01 -5.955249683308638797e-01 9.938903325460064764e+01 9.941895853275629236e+01 9.133505621611920366e-01 9.140922906985409213e-01 6.113321532398771074e-01
1.065753424657534199e+00 0.000000000000000000e+00 6.053198161721298209e-01 -5.936722093446509252e-01 9.939088586617155840e+01 9.942080844109226234e+01 9.114977670202234483e-01 9.122394940969885679e-01 6.094793702762815180e-01
1.063013698630137061e+00 0.000000000000000000e+00 6.072661100848879556e-01 -5.956184970228172171e-01 9.938893973990785469e+01 9.941886471488672328e+01 9.134440853501665236e-01 9.141858137203792145e-01 6.114256765313046404e-01
1.060273972602739700e+00 0.000000000000000000e+00 6.243448688659731793e-01 -6.126972114411943782e-01 9.937186248830155932e+01 9.940180541144063397e+01 9.305230168893328102e-01 9.312647549053612028e-01 6.285045071870581923e-01
1.057534246575342562e+00 0.000000000000000000e+00 6.227567624733983953e-01 -6.111091085489062102e-01 9.937345045236871499e+01 9.940339189462407887e+01 9.289348969391693078e-01 9.296766341611912843e-01 6.269163963112932558e-01
1.054794520547945202e+00 0.000000000000000000e+00 6.318112221874097045e-01 -6.201635523763858737e-01 9.936439681829421033e+01 9.939434547824600941e+01 9.379894176236792669e-01 9.387311587022547643e-01 6.359708672549826414e-01
1.046575342465753122e+00 0.000000000000000000e+00 6.333708234544480620e-01 -6.217231514299118578e-01 9.936283736106304332e+01 9.939278710675094430e+01 9.395490272951365629e-01 9.402907689518628098e-01 6.375304686151895828e-01
1.043835616438356206e+00 0.000000000000000000e+00 6.254770465872098173e-01 -6.138293837931556585e-01 9.937073040203152630e+01 9.940067524675360744e+01 9.316552158043165388e-01 9.323969548597731416e-01 6.296366982233632115e-01
1.041095890410958846e+00 0.000000000000000000e+00 6.499577241460737786e-01 -6.383100384758885193e-01 9.934625202672442867e+01 9.937621033798819781e+01 9.561359776742174299e-01 9.568777238497843118e-01 6.541173354544607133e-01
1.038356164383561708e+00 0.000000000000000000e+00 6.378112107174825907e-01 -6.261635344134028891e-01 9.935839739093644596e+01 9.938834961856603911e+01 9.439894303730288483e-01 9.447311733426668745e-01 6.419708490218323238e-01
1.035616438356164348e+00 0.000000000000000000e+00 6.383752822487150924e-01 -6.267276055729041895e-01 9.935783337299397999e+01 9.938778586408547255e+01 9.445535032236663797e-01 9.452952463317696452e-01 6.425349190768018248e-01
1.032876712328767210e+00 0.000000000000000000e+00 6.374804773311187889e-01 -6.258328011262321855e-01 9.935872809248837711e+01 9.938868020144327886e+01 9.436586966894695561e-01 9.444004395974814337e-01 6.416401169192185172e-01
1.027397260273972712e+00 0.000000000000000000e+00 6.546052423839127110e-01 -6.429575591257148393e-01 9.934160496909390758e+01 9.937156380069571071e+01 9.607834848214692469e-01 9.615252312361347586e-01 6.587648222525031017e-01
1.024657534246575352e+00 0.000000000000000000e+00 6.349142689563975761e-01 -6.232665922284560400e-01 9.936129404934912657e+01 9.939124562727926104e+01 9.410924911943052695e-01 9.418342338370794264e-01 6.390739230568698304e-01
1.021917808219177992e+00 0.000000000000000000e+00 6.423735786715449869e-01 -6.307258999101301722e-01 9.935383545833741437e+01 9.938378965132906728e+01 9.485518067952058985e-01 9.492935507943199847e-01 6.465332031012750447e-01
1.019178082191780854e+00 0.000000000000000000e+00 6.321384309932949197e-01 -6.204907544684421516e-01 9.936406961793147730e+01 9.939402038965938857e+01 9.383166532617480682e-01 9.390583954909741404e-01 6.362980980844650247e-01
1.016438356164383494e+00 0.000000000000000000e+00 6.301288615758571243e-01 -6.184811854058344105e-01 9.936607899305468550e+01 9.939602911847181588e+01 9.363070830328495964e-01 9.370488249284596449e-01 6.342885373399851368e-01
1.013698630136986356e+00 0.000000000000000000e+00 6.342839473295076580e-01 -6.226362705734346248e-01 9.936192430954768895e+01 9.939187572679460914e+01 9.404621698721919998e-01 9.412039124332872708e-01 6.384436046412598209e-01
1.008219178082192080e+00 0.000000000000000000e+00 6.502513967948645446e-01 -6.386037182924014788e-01 9.934595840762608532e+01 9.937591463669204472e+01 9.564296214810787955e-01 9.571713665162505658e-01 6.544109814159334571e-01
1.005479452054794498e+00 0.000000000000000000e+00 6.179554512503101504e-01 -6.063077754618887427e-01 9.937825122023991753e+01 9.940819796362694660e+01 9.241336748831981973e-01 9.248754150490443582e-01 6.221151857773145055e-01
1.002739726027397360e+00 0.000000000000000000e+00 6.572938533231827973e-01 -6.456461749987931764e-01 9.933891663694758734e+01 9.936887470227001984e+01 9.634720751507389602e-01 9.642138211209074772e-01 6.614534025449765320e-01
1.000000000000000000e+00 0.000000000000000000e+00 6.551705278007970978e-01 -6.435228495871136989e-01 9.934103975625663452e+01 9.937099721836102617e+01 9.613487498307858869e-01 9.620904954919721197e-01 6.593300871167580013e-01
9.972602739726027510e-01 0.000000000000000000e+00 6.313802671872139616e-01 -6.197325898592740412e-01 9.936482770516991536e+01 9.939477851563393074e+01 9.375584929079803231e-01 9.383002351656656304e-01 6.355399408494480928e-01
9.945205479452056130e-01 0.000000000000000000e+00 6.293708148609240549e-01 -6.177231375906989674e-01 9.936683696217805561e+01 9.939678721596588673e+01 9.355490409620196290e-01 9.362907829350419764e-01 6.335304982416554154e-01
9.890410958904110039e-01 0.000000000000000000e+00 6.256309716309966795e-01 -6.139832944322561881e-01 9.937057644177122029e+01 9.940052567035201037e+01 9.318091985840738500e-01 9.325509400332233634e-01 6.297906732255922346e-01
9.863013698630136439e-01 0.000000000000000000e+00 6.212848522540517227e-01 -6.096371751062038546e-01 9.937492213844916478e+01 9.940487018532967056e+01 9.274630803263176348e-01 9.282048211719692299e-01 6.254445751285182542e-01
9.835616438356163949e-01 0.000000000000000000e+00 6.435592774825859008e-01 -6.319116002172049384e-01 9.935264988010740694e+01 9.938260394013668986e+01 9.497374992440600350e-01 9.504792431591179147e-01 6.477188907904266602e-01
9.808219178082191458e-01 0.000000000000000000e+00 6.415863335819232960e-01 -6.299386563186620824e-01 9.935462263204844646e+01 9.938457616196727429e+01 9.477645559356293603e-01 9.485062995801808450e-01 6.457459566237531146e-01
9.780821917808220078e-01 0.000000000000000000e+00 6.517574303000110980e-01 -6.401097530684295434e-01 9.934445252508604085e+01 9.937440877502729109e+01 9.579356494296786817e-01 9.586773944617451582e-01 6.559170030102895455e-01
9.753424657534246478e-01 0.000000000000000000e+00 6.656156457269822857e-01 -6.539679685836733425e-01 9.933059565836774141e+01 9.936055560076003701e+01 9.717938602829166994e-01 9.725356071980563177e-01 6.697751497012213173e-01
9.698630136986300387e-01 0.000000000000000000e+00 6.698068026123494834e-01 -6.581591255061381984e-01 9.932640490941021483e+01 9.935636596537790410e+01 9.759850157433226370e-01 9.767267632262487398e-01 6.739662857620428715e-01
9.671232876712327897e-01 0.000000000000000000e+00 6.743999293562268349e-01 -6.627522523009148347e-01 9.932181222975385992e+01 9.935177450300935220e+01 9.805781408844811420e-01 9.813198889879620745e-01 6.785593896480454079e-01
9.643835616438356517e-01 0.000000000000000000e+00 6.862581756110400777e-01 -6.746104987086876115e-01 9.930995513783649642e+01 9.933992054730900634e+01 9.924363829150425476e-01 9.931781326170847635e-01 6.904175768139501068e-01
9.616438356164384027e-01 0.000000000000000000e+00 6.756125393754263131e-01 -6.639648623204315037e-01 9.932059973772244632e+01 9.935056233630567135e+01 9.817907505331859852e-01 9.825324988026571393e-01 6.797719936788415573e-01
9.589041095890410427e-01 0.000000000000000000e+00 6.767949496006466781e-01 -6.651472725639216987e-01 9.931941744260912230e+01 9.934938035300046977e+01 9.829731603250859706e-01 9.837149087534563519e-01 6.809543980015538844e-01
9.561643835616437936e-01 0.000000000000000000e+00 6.716233053467599579e-01 -6.599756282249558126e-01 9.932458858336678986e+01 9.935455013152537163e+01 9.778015179871838436e-01 9.785432657214114816e-01 6.757827795823363459e-01
9.506849315068491846e-01 0.000000000000000000e+00 6.769213124587926123e-01 -6.652736354284567444e-01 9.931929109206838291e+01 9.934925403444449898e+01 9.830995231191330674e-01 9.838412715637530059e-01 6.810807602132901151e-01
9.479452054794520466e-01 0.000000000000000000e+00 6.664150351847779596e-01 -6.547673579660678866e-01 9.932979634642769895e+01 9.935975652609103292e+01 9.725932497997751280e-01 9.733349968367940308e-01 6.705745354775028977e-01
9.452054794520547976e-01 0.000000000000000000e+00 6.759422592415947895e-01 -6.642945821987066291e-01 9.932027004998012387e+01 9.935023273339731986e+01 9.821204702503912864e-01 9.828622185630162544e-01 6.801017118743813983e-01
9.424657534246575485e-01 0.000000000000000000e+00 6.772807198551084040e-01 -6.656330428374997998e-01 9.931893171968656020e+01 9.934889475467699071e+01 9.834589303549597927e-01 9.842006788466973743e-01 6.814401657902123821e-01
9.397260273972604105e-01 0.000000000000000000e+00 6.706186871065027422e-01 -6.589710099606606031e-01 9.932559310377419592e+01 9.935555438957747754e+01 9.767969001492428083e-01 9.775386477498679838e-01 6.747781663870393576e-01
9.369863013698630505e-01 0.000000000000000000e+00 6.793802600114065005e-01 -6.677325830368376902e-01 9.931683238396503555e+01 9.934679596941978730e+01 9.855584696993303639e-01 9.863002184714712017e-01 6.835396954284465032e-01
9.287671232876711924e-01 0.000000000000000000e+00 6.730332492711209591e-01 -6.613855721709901436e-01 9.932317877670521966e+01 9.935314069670862125e+01 9.792114613953027957e-01 9.799532093190260751e-01 6.771927164687646661e-01
9.260273972602740544e-01 0.000000000000000000e+00 6.678511637306003834e-01 -6.562034865269416040e-01 9.932836035766935368e+01 9.935832091820151390e+01 9.740293778479404141e-01 9.747711250791308846e-01 6.720106568794159685e-01
9.232876712328768054e-01 0.000000000000000000e+00 6.856331790916705415e-01 -6.739855022463019374e-01 9.931058007374265628e+01 9.934054529830018510e+01 9.918113863573917444e-01 9.925531359644681473e-01 6.897925831798782381e-01
9.205479452054794454e-01 0.000000000000000000e+00 6.888366500788882796e-01 -6.771889732984586185e-01 9.930737691467868444e+01 9.933734297935289703e+01 9.950148561087015509e-01 9.957566061437346239e-01 6.929960381212423304e-01
9.178082191780821963e-01 0.000000000000000000e+00 6.988998831423935965e-01 -6.872522065670733094e-01 9.929731466147993046e+01 9.932728336492185406e+01 1.005078085285322942e+00 1.005819836664534783e+00 7.030592207751410472e-01
9.123287671232875873e-01 0.000000000000000000e+00 7.035701058783100370e-01 -6.919224293985793972e-01 9.929264489348858547e+01 9.932261482142909870e+01 1.009748306215773495e+00 1.010490058218737497e+00 7.077294201151658193e-01
9.095890410958904493e-01 0.000000000000000000e+00 7.050577663492717528e-01 -6.934100899000925633e-01 9.929115737787311957e+01 9.932112769583662271e+01 1.011235966111209805e+00 1.011977718312847552e+00 7.092170731332024802e-01
9.068493150684932003e-01 0.000000000000000000e+00 7.139746313184686111e-01 -7.023269550529667171e-01 9.928224138115278663e+01 9.931221403670156178e+01 1.020152827628545866e+00 1.020894581020921565e+00 7.181338934284680064e-01
9.041095890410958402e-01 0.000000000000000000e+00 7.149690341870035271e-01 -7.033213579420287687e-01 9.928124707511094016e+01 9.931121999133246447e+01 1.021147230111958404e+00 1.021888983637118109e+00 7.191282913148439038e-01
9.013698630136985912e-01 0.000000000000000000e+00 7.164754477585245640e-01 -7.048277715447099911e-01 9.927974080822174585e+01 9.930971411931520265e+01 1.022653643099800780e+00 1.023395396826100923e+00 7.206346973387008914e-01
8.986301369863013422e-01 0.000000000000000000e+00 7.404797748642693023e-01 -7.288320991478736133e-01 9.925573881846459301e+01 9.928571842147809434e+01 1.046657960901221207e+00 1.047399717832512733e+00 7.446389041711714007e-01
8.931506849315068441e-01 0.000000000000000000e+00 7.369998857399266967e-01 -7.253522099513401988e-01 9.925921836874498183e+01 9.928919705964754883e+01 1.043178073126037830e+00 1.043919829592717008e+00 7.411590324830326093e-01
8.904109589041095951e-01 0.000000000000000000e+00 7.913721517741173495e-01 -7.797169851335363777e-01 9.920781749071745992e+01 9.925396018398164699e+01 1.097573608770162634e+00 1.098294197593748800e+00 7.954590992115788683e-01
8.876712328767123461e-01 0.000000000000000000e+00 8.597791526819448249e-01 -8.481071408274887258e-01 9.914627228328286890e+01 9.923538879363631793e+01 1.166032939750698105e+00 1.166705938209659621e+00 8.637039204837113626e-01
8.849315068493150971e-01 0.000000000000000000e+00 8.469387053908423724e-01 -8.352694536228815192e-01 9.915796687059673786e+01 9.923909800853873264e+01 1.153183920401460671e+00 1.153864714783140899e+00 8.508900659342164552e-01
8.821917808219178481e-01 0.000000000000000000e+00 7.951580732654041084e-01 -7.834976291973896334e-01 9.920598833177653830e+01 9.925573562129913796e+01 1.101375945142887058e+00 1.102081608914572630e+00 7.991944007324681687e-01
8.794520547945205990e-01 0.000000000000000000e+00 7.956032304785711773e-01 -7.839427168121023692e-01 9.920557317286643695e+01 9.925558775442581805e+01 1.101821318388718440e+00 1.102526785665458142e+00 7.996388862081469373e-01
8.712328767123287410e-01 0.000000000000000000e+00 8.065543130197871946e-01 -7.948924848332373783e-01 9.919520165292838954e+01 9.925148772384815743e+01 1.112776479468480240e+00 1.113478236544009015e+00 8.105772621859381744e-01
8.684931506849314919e-01 0.000000000000000000e+00 7.849850818475586633e-01 -7.733253622792869431e-01 9.921582713283076771e+01 9.926029589760601368e+01 1.091200708151372822e+00 1.091908415572600211e+00 7.890284409435576185e-01
8.657534246575342429e-01 0.000000000000000000e+00 7.869549286390142839e-01 -7.752950465028063398e-01 9.921393082363800886e+01 9.925943381451772041e+01 1.093171059018170910e+00 1.093878307755854262e+00 7.909967122326891920e-01
8.630136986301369939e-01 0.000000000000000000e+00 7.968392817084298807e-01 -7.851787405041683598e-01 9.920434800324999003e+01 9.925472701952924126e+01 1.103057454833753059e+00 1.103762844357093931e+00 8.008746665409649523e-01
8.602739726027397449e-01 0.000000000000000000e+00 8.100572478625480688e-01 -7.983959871799416463e-01 9.919146224282549440e+01 9.924793229730971689e+01 1.116277649997583499e+00 1.116981010239600947e+00 8.140856332739836443e-01
8.547945205479452468e-01 0.000000000000000000e+00 8.086974631034192784e-01 -7.970362652919250612e-01 9.919279280722363978e+01 9.924867298268651439e+01 1.114917670536061056e+00 1.115621208080023408e+00 8.127264613205229526e-01
8.520547945205479978e-01 0.000000000000000000e+00 8.038855823470942852e-01 -7.922245615998548818e-01 9.919752174771760167e+01 9.925150683586551281e+01 1.110105241796108366e+00 1.110809278570979108e+00 8.079163118979294511e-01
8.493150684931506378e-01 0.000000000000000000e+00 8.285902435049997683e-01 -8.169284909522867011e-01 9.917316217897699460e+01 9.923593570173326839e+01 1.134812166065746641e+00 1.135514139988049731e+00 8.326137909097164336e-01
8.465753424657533888e-01 0.000000000000000000e+00 8.204172742710112987e-01 -8.087557247348681200e-01 9.918123893121845924e+01 9.924135633238930154e+01 1.126638569459136763e+00 1.127341115536571348e+00 8.244428213528617322e-01
8.438356164383561397e-01 0.000000000000000000e+00 8.026474068235528447e-01 -7.909862139696282046e-01 9.919883877257613847e+01 9.925382981632886015e+01 1.108867600939005271e+00 1.109571151950530021e+00 8.066764857099341102e-01
8.410958904109588907e-01 0.000000000000000000e+00 8.035350622392786191e-01 -7.918738543758918613e-01 9.919795830516551405e+01 9.925318041146041992e+01 1.109755302641323160e+00 1.110458811376021204e+00 8.075639917465861073e-01
8.328767123287671437e-01 0.000000000000000000e+00 8.098041393759293216e-01 -7.981428457803493304e-01 9.919173052555439085e+01 9.924837629263538474e+01 1.116024643757610901e+00 1.116727911109013371e+00 8.138322091685408211e-01
8.301369863013698946e-01 0.000000000000000000e+00 8.018609803195516639e-01 -7.901997753806511149e-01 9.919963072284676286e+01 9.925470680724907879e+01 1.108081212206222466e+00 1.108784729059271834e+00 8.058899470315732394e-01
8.273972602739726456e-01 0.000000000000000000e+00 8.416760676927237395e-01 -8.300145124305107203e-01 9.915998671940856468e+01 9.922168319704410067e+01 1.147897373516231223e+00 1.148599905132706933e+00 8.457014448501871673e-01
8.246575342465753966e-01 0.000000000000000000e+00 8.566831692585848979e-01 -8.450215027975461757e-01 9.914503426885433157e+01 9.920892075691534728e+01 1.162904815178502638e+00 1.163607034247295724e+00 8.607073942718724835e-01
8.219178082191780366e-01 0.000000000000000000e+00 8.586538089766603266e-01 -8.469921303457642603e-01 9.914306965605037192e+01 9.920720531986719948e+01 1.164875492008168534e+00 1.165577676896370818e+00 8.626779061301271812e-01
8.164383561643835385e-01 0.000000000000000000e+00 8.436805935554977376e-01 -8.320189892082088257e-01 9.915800568822349703e+01 9.922055729633090948e+01 1.149902051041723938e+00 1.150604444338236609e+00 8.477054869946806237e-01
8.136986301369862895e-01 0.000000000000000000e+00 8.784875698113282505e-01 -8.668258274739633062e-01 9.912326869761750459e+01 9.918887083912461833e+01 1.184709443946905694e+00 1.185411450638501174e+00 8.825109464507310264e-01
8.109589041095890405e-01 0.000000000000000000e+00 9.143963661387493058e-01 -9.027345074640759082e-01 9.908741974762180860e+01 9.915566802881049568e+01 1.220618589362395312e+00 1.221320270616325310e+00 9.184184286902180583e-01
8.082191780821917915e-01 0.000000000000000000e+00 9.571704680537013177e-01 -9.455084968563551850e-01 9.904470455030497078e+01 9.911558027469715171e+01 1.263393026245230422e+00 1.264094393348105028e+00 9.611912163577801538e-01
8.054794520547945424e-01 0.000000000000000000e+00 9.604978536697343916e-01 -9.488358748901800643e-01 9.904138119002584517e+01 9.911243698261246493e+01 1.266720434284723362e+00 1.267421780252956820e+00 9.645185110215186430e-01
8.027397260273972934e-01 0.000000000000000000e+00 9.415967157869847837e-01 -9.299347710334379125e-01 9.906026376609884210e+01 9.913049062376231291e+01 1.247819197093352095e+00 1.248520637602156924e+00 9.456178026381062418e-01
7.972602739726026844e-01 0.000000000000000000e+00 9.545331091721155348e-01 -9.428711452164361129e-01 9.904733813135752030e+01 9.911804229585878545e+01 1.260755645767673405e+00 1.261457033097256986e+00 9.585539414374104616e-01
7.945205479452054353e-01 0.000000000000000000e+00 9.434035764686049541e-01 -9.317416259800666012e-01 9.905845986233353528e+01 9.912882211985642300e+01 1.249626074971386558e+00 1.250327499440261336e+00 9.474245983420761519e-01
7.917808219178081863e-01 0.000000000000000000e+00 9.758175055136607545e-01 -9.641555237785119914e-01 9.902606485488108490e+01 9.909723987554552593e+01 1.282040090209469740e+00 1.282741429011013290e+00 9.798380520204961197e-01
7.890410958904109373e-01 0.000000000000000000e+00 9.699437123104931446e-01 -9.582817353517701919e-01 9.903193564148921268e+01 9.910298400314427170e+01 1.276166284136003304e+00 1.276867635962631864e+00 9.739643364233286915e-01
7.863013698630136883e-01 0.000000000000000000e+00 9.585171393408714602e-01 -9.468551698399014782e-01 9.904335723997151320e+01 9.911420241955369193e+01 1.264739691820595535e+00 1.265441063811831635e+00 9.625378967508370076e-01
7.835616438356164393e-01 0.000000000000000000e+00 9.534662720237132572e-01 -9.418043052279607696e-01 9.904840619039100602e+01 9.911917563484003324e+01 1.259688817787022241e+00 1.260390197023529169e+00 9.574870826566189708e-01
7.780821917808219412e-01 0.000000000000000000e+00 9.528939472646885678e-01 -9.412319807154034823e-01 9.904897832658946299e+01 9.911974063170288218e+01 1.259116492453343561e+00 1.259817872341385314e+00 9.569147633495717065e-01
7.753424657534246922e-01 0.000000000000000000e+00 9.555849616771801003e-01 -9.439229941745020946e-01 9.904628810076607692e+01 9.911707900898916535e+01 1.261807508930190780e+00 1.262508886334390512e+00 9.596057541073851338e-01
7.726027397260274432e-01 0.000000000000000000e+00 9.641889164915589117e-01 -9.525269465532230084e-01 9.903768637506159678e+01 9.910855384229965637e+01 1.270411468443848557e+00 1.271112839634624514e+00 9.682096391943437741e-01
7.698630136986300831e-01 0.000000000000000000e+00 9.415975212072419387e-01 -9.299355563303964844e-01 9.906027255370288742e+01 9.913097158794172969e+01 1.247820064959686670e+00 1.248521448702496262e+00 9.456184141400498788e-01
7.671232876712328341e-01 0.000000000000000000e+00 9.229395465397091103e-01 -9.112775850325636195e-01 9.907892660671525675e+01 9.914950641513424046e+01 1.229162086035197277e+00 1.229863477858174958e+00 9.269605722529445924e-01
7.643835616438355851e-01 0.000000000000000000e+00 9.173843632034407447e-01 -9.057224025140393486e-01 9.908448071095581611e+01 9.915502958588291449e+01 1.223606902007242869e+00 1.224308295712595474e+00 9.214054266624468470e-01
7.589041095890410871e-01 0.000000000000000000e+00 9.138204324383653043e-01 -9.021584721651074723e-01 9.908804400118924605e+01 9.915857570612061522e+01 1.220042971135051113e+00 1.220744365742028936e+00 9.178415190678148594e-01
7.561643835616438380e-01 0.000000000000000000e+00 9.131489914647396011e-01 -9.014870312524269069e-01 9.908871532981663677e+01 9.915924423139460941e+01 1.219371530195411335e+00 1.220072924923014890e+00 9.171700822912699502e-01
7.534246575342465890e-01 0.000000000000000000e+00 9.467212774889189886e-01 -9.350593149988695174e-01 9.905514829391397313e+01 9.912579830833840333e+01 1.252943812132209844e+00 1.253645202999325470e+00 9.507421658757978511e-01
7.506849315068493400e-01 0.000000000000000000e+00 9.328829600484408457e-01 -9.212209982930418262e-01 9.906898454473744664e+01 9.913958970158131478e+01 1.239105497010254631e+00 1.239806888892564407e+00 9.369039299119032993e-01
7.479452054794520910e-01 0.000000000000000000e+00 9.196754906420188114e-01 -9.080135294106644883e-01 9.908219012626015854e+01 9.915275686756666573e+01 1.225898030366276981e+00 1.226599422717878030e+00 9.236965365610202428e-01
7.452054794520548420e-01 0.000000000000000000e+00 9.383364607506609056e-01 -9.266744989922333087e-01 9.906353172174361532e+01 9.913414743881412505e+01 1.244558995909756494e+00 1.245260388200142732e+00 9.423574012659973187e-01
7.397260273972602329e-01 0.000000000000000000e+00 9.348627908621730542e-01 -9.232008291730715577e-01 9.906700492779482659e+01 9.913761224412962747e+01 1.241085326960387869e+00 1.241786719180963949e+00 9.388837507206008182e-01
7.369863013698629839e-01 0.000000000000000000e+00 9.303582331647893833e-01 -9.186962715321386197e-01 9.907150889996461274e+01 9.914210615484445555e+01 1.236580770584628786e+00 1.237282162620318093e+00 9.343792177844569835e-01
7.342465753424657349e-01 0.000000000000000000e+00 9.526487158818888190e-01 -9.409867541215706233e-01 9.904922124230658653e+01 9.911986450927099668e+01 1.258871246291115131e+00 1.259572639669543026e+00 9.566695794338856418e-01
7.315068493150684859e-01 0.000000000000000000e+00 9.413537034511676449e-01 -9.296917417030360342e-01 9.906051484828408604e+01 9.913113610793197950e+01 1.247576237575740432e+00 1.248277630125662396e+00 9.453746278444908890e-01
7.287671232876712368e-01 0.000000000000000000e+00 9.295693218695619819e-01 -9.179073600860748749e-01 9.907229778541791632e+01 9.914289728207603503e+01 1.235791860019622268e+00 1.236493251569541263e+00 9.335903092769984868e-01
7.260273972602739878e-01 0.000000000000000000e+00 9.279752584968947726e-01 -9.163132967035684251e-01 9.907389165581443535e+01 9.914448833463521282e+01 1.234197797207168490e+00 1.234899188607556209e+00 9.319962543794738652e-01
7.205479452054794898e-01 0.000000000000000000e+00 9.282887458825413995e-01 -9.166267840920682142e-01 9.907357820594101838e+01 9.914417541602185224e+01 1.234511284479794302e+00 1.235212675912178648e+00 9.323097401072539814e-01
7.178082191780822408e-01 0.000000000000000000e+00 9.260745957091927050e-01 -9.144126338940251619e-01 9.907579209333407277e+01 9.914638566440018508e+01 1.232297135118802789e+00 1.232998526312379051e+00 9.300956015995889281e-01
7.150684931506848807e-01 0.000000000000000000e+00 9.401546220684975363e-01 -9.284926604386722904e-01 9.906171372451285606e+01 9.913232973041321827e+01 1.246377156224386606e+00 1.247078549016427118e+00 9.441755540483393050e-01
7.123287671232876317e-01 0.000000000000000000e+00 9.330523938313719512e-01 -9.213904320977468476e-01 9.906881512157686132e+01 9.913942006806557572e+01 1.239274930669328478e+00 1.239976322625991223e+00 9.370733629937350040e-01
7.095890410958903827e-01 0.000000000000000000e+00 9.367711959600694138e-01 -9.251092342852678119e-01 9.906509675252402758e+01 9.913570737823751244e+01 1.242993731379783862e+00 1.243695123786479284e+00 9.407921456963802553e-01
7.068493150684931337e-01 0.000000000000000000e+00 9.379395034050990176e-01 -9.262775417498997355e-01 9.906392858059940920e+01 9.913454096250957548e+01 1.244162038375773438e+00 1.244863430927020786e+00 9.419604470492934922e-01
7.013698630136986356e-01 0.000000000000000000e+00 9.414646428307691384e-01 -9.298026812379546202e-01 9.906040384853547209e+01 9.913102144866998344e+01 1.247687176436506729e+00 1.248388569433035000e+00 9.454855681243835575e-01
6.986301369863013866e-01 0.000000000000000000e+00 9.454774220246298100e-01 -9.338154605054668211e-01 9.905639153179561163e+01 9.912701500618970840e+01 1.251699954068429932e+00 1.252401347579275237e+00 9.494983264546077439e-01
6.958904109589041376e-01 0.000000000000000000e+00 9.458326188182674121e-01 -9.341706573057814156e-01 9.905603637586142440e+01 9.912666036628633037e+01 1.252055150723320631e+00 1.252756544280136719e+00 9.498535214029928397e-01
6.931506849315068886e-01 0.000000000000000000e+00 9.456212458555576239e-01 -9.339592843389912247e-01 9.905624772456042137e+01 9.912687141058138707e+01 1.251843777843510974e+00 1.252545171372667188e+00 9.496421495373343902e-01
6.904109589041096395e-01 0.000000000000000000e+00 9.472997249712225010e-01 -9.356377634878142446e-01 9.905456943775922696e+01 9.912519552220547325e+01 1.253522256298544635e+00 1.254223650049465455e+00 9.513206199487451720e-01
6.876712328767122795e-01 0.000000000000000000e+00 9.528343241320480494e-01 -9.411723627596367825e-01 9.904903547194216173e+01 9.911966942351033083e+01 1.259056853275863475e+00 1.259758247762711170e+00 9.568551904242554862e-01
6.821917808219177815e-01 0.000000000000000000e+00 9.552039777750650495e-01 -9.435420164507742902e-01 9.904666608918243753e+01 9.911730339419962377e+01 1.261426505982156776e+00 1.262127900785775081e+00 9.592248317913235622e-01
6.794520547945205324e-01 0.000000000000000000e+00 9.549459191380087475e-01 -9.432839578084207810e-01 9.904692411834631116e+01 9.911756105954630414e+01 1.261168447447281515e+00 1.261869842216245763e+00 9.589667744906025248e-01
6.767123287671232834e-01 0.000000000000000000e+00 9.648053733900867623e-01 -9.531434122644711904e-01 9.903706578936856886e+01 9.910771658953106567e+01 1.271027897790256267e+00 1.271729293887811307e+00 9.688261777021650589e-01
6.739726027397260344e-01 0.000000000000000000e+00 9.589069522565055737e-01 -9.472449910080652513e-01 9.904296353768769734e+01 9.911360606665664363e+01 1.265129478997777390e+00 1.265830874298249142e+00 9.629277870958888874e-01
6.712328767123287854e-01 0.000000000000000000e+00 9.611630751255995087e-01 -9.495011139243880738e-01 9.904070767204866854e+01 9.911135335850363504e+01 1.267385600970634352e+00 1.268086996576692549e+00 9.651838982908070852e-01
6.684931506849315364e-01 0.000000000000000000e+00 9.481504306870286447e-01 -9.364884692121518972e-01 9.905371883346333561e+01 9.912434633998873323e+01 1.254372961705193523e+00 1.255074355545175102e+00 9.521713211732334425e-01
6.602739726027396783e-01 0.000000000000000000e+00 9.423821223356678711e-01 -9.307201607390708231e-01 9.905948648460700667e+01 9.913010594240930118e+01 1.248604655648265283e+00 1.249306048704222238e+00 9.464030426603257107e-01
6.575342465753424293e-01 0.000000000000000000e+00 9.423799016800175066e-01 -9.307179400833798244e-01 9.905948870500671433e+01 9.913010815955470889e+01 1.248602434993479227e+00 1.249303828049150411e+00 9.464008220162214435e-01
6.547945205479451802e-01 0.000000000000000000e+00 9.631404005810734192e-01 -9.514784394249089505e-01 9.903873057029228733e+01 9.910937893284533118e+01 1.269362925629282435e+00 1.270064321513469041e+00 9.671612135499431107e-01
6.520547945205479312e-01 0.000000000000000000e+00 9.561898334008052114e-01 -9.445278720969109143e-01 9.904568034607312654e+01 9.911631903681754352e+01 1.262412361217014389e+00 1.263113756153484202e+00 9.602106823134927138e-01
6.493150684931506822e-01 0.000000000000000000e+00 9.558464110950292136e-01 -9.441844497838274286e-01 9.904602372928043508e+01 9.911666194235299088e+01 1.262068939048028859e+00 1.262770333937651035e+00 9.598672617835949383e-01
6.438356164383561842e-01 0.000000000000000000e+00 9.590257662498121727e-01 -9.473638050063837301e-01 9.904284473603669881e+01 9.911348736831021711e+01 1.265248292936051566e+00 1.265949688259740302e+00 9.630466004987180417e-01
6.410958904109589351e-01 0.000000000000000000e+00 9.528795742053817186e-01 -9.412176128308026302e-01 9.904899022851465418e+01 9.911962432113863031e+01 1.259102103340883794e+00 1.259803497825078500e+00 9.569004402334326809e-01
6.383561643835616861e-01 0.000000000000000000e+00 9.896492698547889599e-01 -9.779873092655969602e-01 9.901222471765991884e+01 9.908290987935835403e+01 1.295871784335109078e+00 1.296573183843792831e+00 9.936699457711108963e-01
6.356164383561644371e-01 0.000000000000000000e+00 9.758363356669152999e-01 -9.641743747825077815e-01 9.902603607986846157e+01 9.909670206130954284e+01 1.282058855653160467e+00 1.282760253273842688e+00 9.798570829990691511e-01
6.328767123287670771e-01 0.000000000000000000e+00 9.674122738482481276e-01 -9.557503127836985968e-01 9.903445918303570750e+01 9.910511346957035528e+01 1.273634797192690238e+00 1.274336193661658845e+00 9.714330647336385516e-01
6.301369863013698280e-01 0.000000000000000000e+00 9.602887342454076158e-01 -9.486267730284529964e-01 9.904158191202029116e+01 9.911222631094476299e+01 1.266511260429826757e+00 1.267212655924680798e+00 9.643095619595045687e-01
6.246575342465753300e-01 0.000000000000000000e+00 9.538934899088322705e-01 -9.422315285550004749e-01 9.904797642863958629e+01 9.911861195215722375e+01 1.260116018643040015e+00 1.260817413263220388e+00 9.579143506858408541e-01
6.219178082191780810e-01 0.000000000000000000e+00 9.429798188752570587e-01 -9.313178572877660599e-01 9.905888885783858200e+01 9.912950923710609175e+01 1.249202351960989166e+00 1.249903745088300377e+00 9.470007360743578628e-01
6.191780821917808320e-01 0.000000000000000000e+00 9.839353100577191702e-01 -9.722733493473352251e-01 9.901793802673627454e+01 9.908861523096301482e+01 1.290157826812772246e+00 1.290859225543077304e+00 9.879560155254060172e-01
6.164383561643835829e-01 0.000000000000000000e+00 9.696140313008260181e-01 -9.579520702836823443e-01 9.903225767598657114e+01 9.910291501107636236e+01 1.275836553766545922e+00 1.276537950537445454e+00 9.736348108060342010e-01
6.136986301369863339e-01 0.000000000000000000e+00 9.542127665677500037e-01 -9.425508052206543752e-01 9.904765718835770372e+01 9.911829315740131108e+01 1.260435295174966441e+00 1.261136689838536329e+00 9.582336256931847096e-01
6.109589041095890849e-01 0.000000000000000000e+00 9.438202562055457712e-01 -9.321582946357739319e-01 9.905804851627036101e+01 9.912867006862369124e+01 1.250042788957030471e+00 1.250744182198526566e+00 9.478411690570581749e-01
6.054794520547944758e-01 0.000000000000000000e+00 9.394448522920776368e-01 -9.277828906285456867e-01 9.906242342235984211e+01 9.913303890533481422e+01 1.245667386788396280e+00 1.246368779431146878e+00 9.434657877629789580e-01
6.027397260273972268e-01 0.000000000000000000e+00 9.492831890298610853e-01 -9.376212275771742544e-01 9.905258620499684241e+01 9.912321533478414892e+01 1.255505719602760806e+00 1.256207113591880642e+00 9.533040736400207882e-01
5.999999999999999778e-01 0.000000000000000000e+00 9.570099102132717528e-01 -9.453479489261908952e-01 9.904486036292919948e+01 9.911550021017460210e+01 1.263232437704803868e+00 1.263933832751353625e+00 9.610307548791252596e-01
5.972602739726027288e-01 0.000000000000000000e+00 9.626492639413448682e-01 -9.509873027751396535e-01 9.903922165082082074e+01 9.910986932002111871e+01 1.268871789183914078e+00 1.269573185002254911e+00 9.666700794538878316e-01
5.945205479452054798e-01 0.000000000000000000e+00 9.476776225688249289e-01 -9.360156610816977585e-01 9.905419158879722374e+01 9.912481849231093634e+01 1.253900153782109728e+00 1.254601547551416285e+00 9.516985154788831780e-01
5.917808219178082307e-01 0.000000000000000000e+00 9.384363980434411445e-01 -9.267744363582182121e-01 9.906343176190765121e+01 9.913404584803677722e+01 1.244658932942168006e+00 1.245360325446687622e+00 9.424573387269273850e-01
5.863013698630137327e-01 0.000000000000000000e+00 9.316712405874387759e-01 -9.200092787571908515e-01 9.907019614966424115e+01 9.914080085278843057e+01 1.237893778184157911e+00 1.238595169762757076e+00 9.356922162440297619e-01
5.835616438356164837e-01 0.000000000000000000e+00 9.226450028164554507e-01 -9.109830407927066442e-01 9.907922136048608763e+01 9.914981354471380826e+01 1.228867544012917090e+00 1.229568934356116694e+00 9.266660251349615463e-01
5.808219178082191236e-01 0.000000000000000000e+00 9.465433272205819870e-01 -9.348813657091679108e-01 9.905532575507814386e+01 9.912595108464346083e+01 1.252765858886142336e+00 1.253467252500281237e+00 9.505642259947660877e-01
5.780821917808218746e-01 0.000000000000000000e+00 9.427261696550637282e-01 -9.310642080618160010e-01 9.905914247835285380e+01 9.912976251381530801e+01 1.248948702842949787e+00 1.249650095934635496e+00 9.467470881623402112e-01
5.753424657534246256e-01 0.000000000000000000e+00 9.372680954802011799e-01 -9.256061337699382774e-01 9.906459993154525989e+01 9.913521239712841293e+01 1.243490630844834355e+00 1.244192023189469865e+00 9.412890422033964866e-01
5.726027397260273766e-01 0.000000000000000000e+00 9.332197420366326046e-01 -9.215577802395756857e-01 9.906864782439531325e+01 9.913925467528896718e+01 1.239442279015801507e+00 1.240143670806331810e+00 9.372407096880799315e-01
5.643835616438356295e-01 0.000000000000000000e+00 9.322373914354729063e-01 -9.205754296173553897e-01 9.906963006323151433e+01 9.914023555170138025e+01 1.238459928806417532e+00 1.239161320462491389e+00 9.362583641652496569e-01
5.616438356164383805e-01 0.000000000000000000e+00 9.317393248380552162e-01 -9.200773630092589084e-01 9.907012807316242231e+01 9.914073287086478103e+01 1.237961862407634062e+00 1.238663253995538005e+00 9.357603001426209044e-01
5.589041095890411315e-01 0.000000000000000000e+00 9.606301886645077781e-01 -9.489682274551223262e-01 9.904124049632935112e+01 9.911188536255288284e+01 1.266852714711969696e+00 1.267554110254264010e+00 9.646510146158489007e-01
5.561643835616438825e-01 0.000000000000000000e+00 9.703960528162530741e-01 -9.587340918162456926e-01 9.903147574326642655e+01 9.910213415366669665e+01 1.276618574968933384e+00 1.277319971847919566e+00 9.744168282823268967e-01
5.534246575342465224e-01 0.000000000000000000e+00 9.718144573032259093e-01 -9.601524963336298679e-01 9.903005750015512376e+01 9.910071787772234586e+01 1.278036978890225273e+00 1.278738375963353935e+00 9.758352254367674838e-01
5.479452054794520244e-01 0.000000000000000000e+00 9.721636772345082500e-01 -9.605017162723993307e-01 9.902970831995548906e+01 9.910036918185072352e+01 1.278386198682232244e+00 1.279087595803159116e+00 9.761844435627348160e-01
5.452054794520547754e-01 0.000000000000000000e+00 9.708178840793508790e-01 -9.591559230883879295e-01 9.903105395999628513e+01 9.910171295543318593e+01 1.277040406063798761e+00 1.277741803000521426e+00 9.748386573647386255e-01
5.424657534246575263e-01 0.000000000000000000e+00 9.940096170026823108e-01 -9.823476565089530599e-01 9.900786486565574762e+01 9.907855602528756833e+01 1.300232129737883602e+00 1.300933529848965486e+00 9.980302703969741174e-01
5.397260273972602773e-01 0.000000000000000000e+00 1.001013043382054990e+00 -9.893510830384822929e-01 9.900086223607399916e+01 9.907156310862409043e+01 1.307235553324174182e+00 1.307936954393847717e+00 1.005033660571704512e+00
5.369863013698630283e-01 0.000000000000000000e+00 9.980216311397078766e-01 -9.863596707319997048e-01 9.900385330797577410e+01 9.907455003179629216e+01 1.304244142274851859e+00 1.304945542935077363e+00 1.002042263793644583e+00
5.342465753424657793e-01 0.000000000000000000e+00 9.926679663039091883e-01 -9.810060057814184997e-01 9.900920636371166950e+01 9.907989566264573966e+01 1.298890479574186019e+00 1.299591879501627911e+00 9.966886266339427536e-01
5.287671232876712812e-01 0.000000000000000000e+00 9.918002884586805123e-01 -9.801383279175872598e-01 9.901007394283905683e+01 9.908076203840931839e+01 1.298022802075001758e+00 1.298724201883681761e+00 9.958209532742274828e-01
5.260273972602739212e-01 0.000000000000000000e+00 9.856301869614834121e-01 -9.739682262881029784e-01 9.901624334234850267e+01 9.908692288074047383e+01 1.291852703038547157e+00 1.292554102002694272e+00 9.896508836737434311e-01
5.232876712328766722e-01 0.000000000000000000e+00 9.895830779897057949e-01 -9.779211174010761232e-01 9.901229090105047703e+01 9.908297592161856926e+01 1.295805592490287594e+00 1.296506991995490354e+00 9.936037542672579992e-01
5.205479452054794232e-01 0.000000000000000000e+00 9.800237476838448147e-01 -9.683617868902594239e-01 9.902184914376771019e+01 9.909252090671773772e+01 1.286246265996851657e+00 1.286947664193620389e+00 9.840444733789278642e-01
5.178082191780821741e-01 0.000000000000000000e+00 9.786971114906660718e-01 -9.670351506686375442e-01 9.902317562902621262e+01 9.909384555209484802e+01 1.284919630332758356e+00 1.285621028347942785e+00 9.827178440438748552e-01
5.150684931506849251e-01 0.000000000000000000e+00 9.805018304006019036e-01 -9.688398696172673130e-01 9.902137111544354298e+01 9.909204354143493276e+01 1.286724348522940486e+00 1.287425746785145098e+00 9.845225536242077080e-01
5.095890410958904271e-01 0.000000000000000000e+00 9.783608237286873788e-01 -9.666988628994491739e-01 9.902351187852791270e+01 9.909418133520730976e+01 1.284583342704895825e+00 1.285284740674049297e+00 9.823815580203540954e-01
5.068493150684931781e-01 0.000000000000000000e+00 9.698203776855142122e-01 -9.581584166731665908e-01 9.903205135290349403e+01 9.910270896503962490e+01 1.276042900067799524e+00 1.276744296867979189e+00 9.738411561275265305e-01
5.041095890410959290e-01 0.000000000000000000e+00 9.763152556966814277e-01 -9.646532948235863048e-01 9.902555721383049558e+01 9.909622383355905129e+01 1.282537775488695519e+00 1.283239173177865622e+00 9.803360005630346041e-01
5.013698630136986800e-01 0.000000000000000000e+00 9.697213538449064307e-01 -9.580593928304357298e-01 9.903215036547781835e+01 9.910280784028077505e+01 1.275943876266681709e+00 1.276645273053310436e+00 9.737421327988274866e-01
4.986301369863013755e-01 0.000000000000000000e+00 9.655736937462309211e-01 -9.539117326428322441e-01 9.903629755368712040e+01 9.910694927619925920e+01 1.271796217822164232e+00 1.272497614041081526e+00 9.695944941417274920e-01
4.958904109589041265e-01 0.000000000000000000e+00 9.584999479147034984e-01 -9.468379866596400296e-01 9.904337049472125898e+01 9.911401240682475589e+01 1.264722474811768471e+00 1.265423870062463374e+00 9.625207848783484677e-01
4.904109589041095729e-01 0.000000000000000000e+00 9.603990837627220944e-01 -9.487371225483770543e-01 9.904147157494259091e+01 9.911211612091193501e+01 1.266621609902380596e+00 1.267323005413019565e+00 9.644199109086724064e-01
4.876712328767123239e-01 0.000000000000000000e+00 9.422701427167065047e-01 -9.306081811136709403e-01 9.905959845341453729e+01 9.913021785679180198e+01 1.248492676086501163e+00 1.249194069115736161e+00 9.462910635812965543e-01
4.849315068493150749e-01 0.000000000000000000e+00 9.554366817643331622e-01 -9.437747204435918968e-01 9.904643341235629350e+01 9.911707107608931722e+01 1.261659209883082555e+00 1.262360604714491519e+00 9.594575345637161856e-01
4.821917808219178259e-01 0.000000000000000000e+00 9.518332162174634181e-01 -9.401712548194620656e-01 9.905003646792812333e+01 9.912066913410167501e+01 1.258055745773336787e+00 1.258757140111521844e+00 9.558540876451750989e-01
4.794520547945205213e-01 0.000000000000000000e+00 9.466647820272022784e-01 -9.350028205183881225e-01 9.905520431409296123e+01 9.912582981229010670e+01 1.252887313644337253e+00 1.253588707275091529e+00 9.506856801734421270e-01
4.712328767123287743e-01 0.000000000000000000e+00 9.317213556799721630e-01 -9.200593938507658498e-01 9.907014604028999827e+01 9.914075081381039922e+01 1.237943893256804095e+00 1.238645284842172956e+00 9.357423310771424418e-01
4.684931506849315253e-01 0.000000000000000000e+00 9.281253118191128415e-01 -9.164633499128070904e-01 9.907374167502020157e+01 9.914434146127426573e+01 1.234347850830109117e+00 1.235049241923269037e+00 9.321463058062458007e-01
4.657534246575342207e-01 0.000000000000000000e+00 9.326487747753282598e-01 -9.209868129660062630e-01 9.906921872670940843e+01 9.913982478644470575e+01 1.238871311982288059e+00 1.239572703694598932e+00 9.366697453781509530e-01
4.630136986301369162e-01 0.000000000000000000e+00 9.278202568740464562e-01 -9.161582949612001592e-01 9.907404669525836027e+01 9.914464605843915024e+01 1.234042796006703746e+00 1.234744187058109510e+00 9.318412524381798345e-01
4.602739726027397227e-01 0.000000000000000000e+00 9.238756896581840072e-01 -9.122137276607644729e-01 9.907799081369117289e+01 9.914858470624722031e+01 1.230098230364003342e+00 1.230799620875495659e+00 9.278967056139910685e-01
4.575342465753424737e-01 0.000000000000000000e+00 9.222474615306611723e-01 -9.105854994983330064e-01 9.907961885657121570e+01 9.915021049097713046e+01 1.228470002885847068e+00 1.229171393174474325e+00 9.262684859036905971e-01
4.520547945205479201e-01 0.000000000000000000e+00 9.199513507827055125e-01 -9.082893887011480594e-01 9.908191470608502982e+01 9.915250315607070775e+01 1.226173893053621011e+00 1.226875283027966335e+00 9.239723870256159044e-01
4.493150684931506156e-01 0.000000000000000000e+00 9.050668801895790372e-01 -8.934049177888939708e-01 9.909679748323550541e+01 9.916736529030990255e+01 1.211289428396680856e+00 1.211990816333709864e+00 9.090879933786450984e-01
4.465753424657534221e-01 0.000000000000000000e+00 9.145958663185356219e-01 -9.029339041221544626e-01 9.908726958124260875e+01 9.915785060383683458e+01 1.220818410725311276e+00 1.221519799966624298e+00 9.186169302469407993e-01
4.438356164383561731e-01 0.000000000000000000e+00 9.107813460336232625e-01 -8.991193837554570800e-01 9.909108366754018959e+01 9.916165939986869660e+01 1.217003891961694562e+00 1.217705280680893232e+00 9.148024296814171175e-01
4.410958904109589240e-01 0.000000000000000000e+00 9.132176758787745596e-01 -9.015557136528447035e-01 9.908864761488210604e+01 9.915922672609751487e+01 1.219440220835197097e+00 1.220141609887868350e+00 9.172387469318162845e-01
4.383561643835616195e-01 0.000000000000000000e+00 9.011636804358792441e-01 -8.895017179515077865e-01 9.910070023891239543e+01 9.917126263273407005e+01 1.207386230199645194e+00 1.208087617602419783e+00 9.051848138027664969e-01
4.328767123287671215e-01 0.000000000000000000e+00 9.076121843006103029e-01 -8.959502219544978052e-01 9.909425246870962667e+01 9.916482380580502820e+01 1.213834731492601238e+00 1.214536119778016676e+00 9.116332843315740897e-01
4.301369863013698724e-01 0.000000000000000000e+00 9.022887369167670313e-01 -8.906267744565169453e-01 9.909957531043177426e+01 9.917013926456721151e+01 1.208511286231839454e+00 1.209212673788605752e+00 9.063098644676078619e-01
4.273972602739726234e-01 0.000000000000000000e+00 8.957448247232490113e-01 -8.840828621226952677e-01 9.910611847810837105e+01 9.917667335665086625e+01 1.201967376648146679e+00 1.202668763309213906e+00 8.997659861032322182e-01
4.246575342465753189e-01 0.000000000000000000e+00 8.884667648792912154e-01 -8.768048021226932942e-01 9.911339570990971026e+01 9.918394049468750495e+01 1.194689319706805586e+00 1.195390705371685902e+00 8.924879638836378248e-01
4.219178082191780144e-01 0.000000000000000000e+00 8.778005909005789364e-01 -8.661386279152949452e-01 9.912406067037167645e+01 9.919459066249167734e+01 1.184023149981948242e+00 1.184724534186892830e+00 8.818218450443465750e-01
4.191780821917808209e-01 0.000000000000000000e+00 8.742256660739465834e-01 -8.625637030120161253e-01 9.912763518847036437e+01 9.919816022261390742e+01 1.180448226581058080e+00 1.181149610296683861e+00 8.782469386985001236e-01
4.136986301369863228e-01 0.000000000000000000e+00 8.706390681988948055e-01 -8.589771050600659708e-01 9.913122137828938207e+01 9.920174143826749003e+01 1.176861630136402326e+00 1.177563013361112798e+00 8.746603593645787544e-01
4.109589041095890183e-01 0.000000000000000000e+00 8.605768722029484286e-01 -8.489149088483824990e-01 9.914128242948456204e+01 9.921178853444733647e+01 1.166799438153434343e+00 1.167500820000878736e+00 8.645982153857522112e-01
4.082191780821917138e-01 0.000000000000000000e+00 8.642436599060177027e-01 -8.525816966300686639e-01 9.913761605896080198e+01 9.920812724930244997e+01 1.170466224394123955e+00 1.171167606743460876e+00 8.682649841331439022e-01
4.054794520547945202e-01 0.000000000000000000e+00 8.508974570951802763e-01 -8.392354935330839094e-01 9.915096074334152831e+01 9.922145342415835501e+01 1.157120026905983368e+00 1.157821407428555771e+00 8.549188503162948871e-01
4.027397260273972157e-01 0.000000000000000000e+00 8.426542466645282614e-01 -8.309922829256944921e-01 9.915920301592214514e+01 9.922968426443038936e+01 1.148876819762865598e+00 1.149578199157147207e+00 8.466756824994089436e-01
4.000000000000000222e-01 0.000000000000000000e+00 8.415426729970860720e-01 -8.298807092344188119e-01 9.916031446312307196e+01 9.923079417001683566e+01 1.147765246538738237e+00 1.148466625780871553e+00 8.455641145783125978e-01
3.945205479452054131e-01 0.000000000000000000e+00 8.381636833299339617e-01 -8.265017194948196533e-01 9.916369306835419195e+01 9.923416808900925901e+01 1.144386258219185049e+00 1.145087636998820546e+00 8.421851423790484015e-01
3.917808219178082196e-01 0.000000000000000000e+00 8.285433329974215555e-01 -8.168813689560437963e-01 9.917331232415592979e+01 9.924377400258057946e+01 1.134765911723435883e+00 1.135467289186283368e+00 8.325648417795088463e-01
3.890410958904109151e-01 0.000000000000000000e+00 8.332208498231656879e-01 -8.215588858820743745e-01 9.916863533950275666e+01 9.923910350506193367e+01 1.139443426683704796e+00 1.140144804786788590e+00 8.372423344245503163e-01
3.863013698630137216e-01 0.000000000000000000e+00 8.272440767796096495e-01 -8.155821127103743962e-01 9.917461143255428624e+01 9.924507130907191765e+01 1.133466656023788266e+00 1.134168033308800672e+00 8.312655922782772322e-01
3.835616438356164171e-01 0.000000000000000000e+00 8.207924212215238491e-01 -8.091304570139631336e-01 9.918106235409182148e+01 9.925151328296480813e+01 1.127015003038735808e+00 1.127716379440677708e+00 8.248139700724080869e-01
3.808219178082191125e-01 0.000000000000000000e+00 8.123799072489387152e-01 -8.007179428610115002e-01 9.918947391095213106e+01 9.925991317271369496e+01 1.118602492421208572e+00 1.119303867671685104e+00 8.164014995888134729e-01
3.753424657534246145e-01 0.000000000000000000e+00 8.069982483489815950e-01 -7.953362838456693451e-01 9.919485495756758553e+01 9.926528675563706372e+01 1.113220835667548370e+00 1.113922210181409911e+00 8.110198685096623450e-01
3.726027397260274210e-01 0.000000000000000000e+00 7.987103725927345854e-01 -7.870484079117273657e-01 9.920314189039197572e+01 9.927356219420764205e+01 1.104932963216648467e+00 1.105634336596105660e+00 8.027320355980811506e-01
3.698630136986301165e-01 0.000000000000000000e+00 8.033770645433733204e-01 -7.917150999624210650e-01 9.919847572938226676e+01 9.926890250531980087e+01 1.109599653306129863e+00 1.110301027324340994e+00 8.073987034239780147e-01
3.671232876712328119e-01 0.000000000000000000e+00 7.959752540092743800e-01 -7.843132892696234038e-01 9.920587669779422413e+01 9.927629320834049054e+01 1.102197845724000036e+00 1.102899218729086916e+00 7.999969311539774086e-01
3.643835616438356184e-01 0.000000000000000000e+00 7.920861868471036349e-01 -7.804242220240696915e-01 9.920976532248775470e+01 9.928017643938103731e+01 1.098308780112857264e+00 1.099010152585625955e+00 7.961078840965705172e-01
3.616438356164383139e-01 0.000000000000000000e+00 7.881898409591369115e-01 -7.765278760525645696e-01 9.921366122507897956e+01 9.928406693822472562e+01 1.094412435778822523e+00 1.095113807718278043e+00 7.922115583509962145e-01
3.534246575342465113e-01 0.000000000000000000e+00 7.795433352227589818e-01 -7.678813701308019324e-01 9.922230674708121967e+01 9.929270046859794263e+01 1.085765933490820512e+00 1.086467304246782284e+00 7.835650973132429753e-01
3.506849315068493178e-01 0.000000000000000000e+00 7.688202640366011975e-01 -7.571582987147363886e-01 9.923302859827744271e+01 9.930340744822687782e+01 1.075042866581207290e+00 1.075744235869446230e+00 7.728420815606379390e-01
3.479452054794520133e-01 0.000000000000000000e+00 7.810202925430043130e-01 -7.693583274827137108e-01 9.922082995779811654e+01 9.929122572767099086e+01 1.087242890222030134e+00 1.087944261180150196e+00 7.850420469982697380e-01
3.452054794520548198e-01 0.000000000000000000e+00 7.730334708230414131e-01 -7.613715055915101226e-01 9.922881587083787736e+01 9.929920056398150052e+01 1.079256071687350271e+00 1.079957441552271913e+00 7.770552665666561332e-01
3.424657534246575152e-01 0.000000000000000000e+00 7.666631210589091028e-01 -7.550011556907952892e-01 9.923518549583182846e+01 9.930556135409185003e+01 1.072885724463823021e+00 1.073587093456803032e+00 7.706849497344251398e-01
3.342465753424657127e-01 0.000000000000000000e+00 7.527964354657460389e-01 -7.411378551033596107e-01 9.924842124054244152e+01 9.932695495818350651e+01 1.059016033650420630e+00 1.059716564189014054e+00 7.568163855151125441e-01
3.315068493150685192e-01 0.000000000000000000e+00 7.463408292891116069e-01 -7.346890065930158364e-01 9.925361695076449564e+01 9.934652777975763627e+01 1.052554420117028045e+00 1.053253279904915241e+00 7.503569195642058043e-01
3.287671232876712146e-01 0.000000000000000000e+00 7.572044871973500069e-01 -7.455528353820980447e-01 9.924273291130859320e+01 9.933748360600718286e+01 1.063417921428808421e+00 1.064116740313130194e+00 7.612204227323439154e-01
3.260273972602739101e-01 0.000000000000000000e+00 7.640071653380590133e-01 -7.523556015649460749e-01 9.923591987835138184e+01 9.933166060820178700e+01 1.070220518428743439e+00 1.070919316409651101e+00 7.680230149300013576e-01
3.232876712328767166e-01 0.000000000000000000e+00 7.598822358175478797e-01 -7.482306282515478468e-01 9.924004986967216269e+01 9.933527883587285601e+01 1.066095629550013912e+00 1.066794437823162411e+00 7.638981319810185244e-01
3.178082191780822185e-01 0.000000000000000000e+00 7.517036118841561310e-01 -7.400671927266557759e-01 9.924539051319469252e+01 9.936938536857913107e+01 1.057903501662913026e+00 1.058598555899511018e+00 7.557108004966087700e-01
3.150684931506849140e-01 0.000000000000000000e+00 7.453479463522333370e-01 -7.337113219942036357e-01 9.925177151444319179e+01 9.937398868647235872e+01 1.051548021629609142e+00 1.052243125932303069e+00 7.493552862774137679e-01
3.123287671232876095e-01 0.000000000000000000e+00 7.483103468718043105e-01 -7.366624726878358009e-01 9.925090925857794844e+01 9.935330190862380562e+01 1.054520425489062774e+00 1.055218309905015861e+00 7.523241523064140290e-01
3.095890410958904160e-01 0.000000000000000000e+00 7.427397737140342127e-01 -7.311073188110613907e-01 9.925313750676232871e+01 9.936562971618199924e+01 1.048936166413438453e+00 1.049630250950777999e+00 7.467447382858068972e-01
3.068493150684931114e-01 0.000000000000000000e+00 7.314522572960536761e-01 -7.198451565205568059e-01 9.925806069107903795e+01 9.938458498709056244e+01 1.037626180176982604e+00 1.038314031022965489e+00 7.354427136738285187e-01
3.041095890410959179e-01 0.000000000000000000e+00 7.280260074508559942e-01 -7.164252541149788156e-01 9.925967443526336353e+01 9.938959372092374167e+01 1.034194311478883410e+00 1.034880604408757065e+00 7.320128381616838320e-01
2.958904109589041154e-01 0.000000000000000000e+00 7.186662762159842233e-01 -7.070796709025174431e-01 9.926443736774028537e+01 9.940203142327422370e+01 1.024822068977603751e+00 1.025504894550250734e+00 7.226450409806829400e-01
2.931506849315068108e-01 0.000000000000000000e+00 7.099167200264240307e-01 -6.983409526317062577e-01 9.926922206590536746e+01 9.941292777345023524e+01 1.016062936684126061e+00 1.016743109184545801e+00 7.138893181014509537e-01
2.904109589041095063e-01 0.000000000000000000e+00 7.087693229870176692e-01 -6.971947419254502787e-01 9.926988926682615499e+01 9.941429551298806189e+01 1.014914492114715738e+00 1.015594374450076609e+00 7.127412473542836802e-01
2.876712328767123128e-01 0.000000000000000000e+00 7.055635710623089363e-01 -6.939916667055588961e-01 9.927188546763970578e+01 9.941797087382200004e+01 1.011706378217398949e+00 1.012385606354229584e+00 7.095339792402827195e-01
2.849315068493150083e-01 0.000000000000000000e+00 7.006856883005690984e-01 -6.891171137954071879e-01 9.927510814279148121e+01 9.942340909889338718e+01 1.006825558739833149e+00 1.007503973481033599e+00 7.046542155849532252e-01
2.794520547945205102e-01 0.000000000000000000e+00 6.957670097974294476e-01 -6.842011950224466954e-01 9.927853408051761619e+01 9.942877758488216955e+01 1.001904447501687390e+00 1.002582188359654847e+00 6.997339831849017644e-01
2.767123287671232057e-01 0.000000000000000000e+00 6.880907083720949613e-01 -6.765289735766782941e-01 9.928352747100981901e+01 9.943610620717871029e+01 9.942228191416624394e-01 9.949019603064294115e-01 6.920633585266070531e-01
2.739726027397260122e-01 0.000000000000000000e+00 6.858189021092365723e-01 -6.742576096493717586e-01 9.928575092575299266e+01 9.943909012301445216e+01 9.919518797535156196e-01 9.926291747499801366e-01 6.897855333933607946e-01
2.712328767123287077e-01 0.000000000000000000e+00 6.836107942397822157e-01 -6.720498486048075426e-01 9.928792079809906568e+01 9.944180641532408060e+01 9.897444517988303048e-01 9.904202992668889038e-01 6.875727121712001955e-01
2.684931506849315141e-01 0.000000000000000000e+00 6.784784946127472294e-01 -6.669182018484786090e-01 9.929298055401892498e+01 9.944783239577492395e+01 9.846134325294001455e-01 9.852865550782720083e-01 6.824315504620662720e-01
