1.081095890410958837e+01 4.125000000000000194e-02 1.873000000000000012e-02 1.158120688263599291e-01 1.949183601454732018e-01 4.762415958501353686e+00 5.312489667699977325e+00 2.915441441424494462e-01 -3.244741295440894957e-02 -2.398246778195230744e-01
1.080821917808219190e+01 4.125000000000000194e-02 2.153477760308073960e-02 1.116917089463178858e-01 1.932586166114546034e-01 4.751975237330667845e+00 5.319667248000485849e+00 3.011848617478297130e-01 -3.289078276396204675e-02 -2.267265884791148378e-01
1.080547945205479365e+01 4.125000000000000194e-02 2.178429733197274204e-02 1.114421893723957363e-01 1.930090970254293992e-01 4.752224755535722878e+00 5.319417741230654251e+00 3.009353421869772616e-01 -3.314030174936689194e-02 -2.269761065067283090e-01
1.080000000000000071e+01 4.125000000000000194e-02 2.153477760308073613e-02 1.116917089463178858e-01 1.932586166114546034e-01 4.751975237330667845e+00 5.319667248000485849e+00 3.011848617478297130e-01 -3.289078276396206063e-02 -2.267265884791148378e-01
1.079726027397260246e+01 4.125000000000000194e-02 2.178429733197274204e-02 1.114421893723957363e-01 1.930090970254293992e-01 4.752224755535722878e+00 5.319417741230654251e+00 3.009353421869772616e-01 -3.314030174936690581e-02 -2.269761065067283090e-01
1.079452054794520599e+01 4.125000000000000194e-02 2.153477760308073613e-02 1.116917089463178858e-01 1.932586166114546034e-01 4.751975237330667845e+00 5.319667248000485849e+00 3.011848617478297130e-01 -3.289078276396207451e-02 -2.267265884791148378e-01
1.079178082191780774e+01 4.125000000000000194e-02 2.128525787418873022e-02 1.119412285202400353e-01 1.935081361974798075e-01 4.751725719125612812e+00 5.319916754770317446e+00 3.014343813086821644e-01 -3.264126377855724320e-02 -2.264770704515013666e-01
1.078904109589041127e+01 4.125000000000000194e-02 2.218645199819918937e-02 1.110400346935074417e-01 1.926069423475300635e-01 4.752626910326453569e+00 5.319015585505881383e+00 3.005331875070211267e-01 -3.354245647633954247e-02 -2.273782613119538221e-01
1.078630136986301125e+01 4.125000000000000194e-02 2.284693095383312847e-02 1.103795560295193212e-01 1.919464636607647046e-01 4.753287386414297266e+00 5.318355130938830833e+00 2.998727088676292341e-01 -3.420293403276600946e-02 -2.280387370658597535e-01
1.078082191780821830e+01 4.125000000000000194e-02 2.259741122494112603e-02 1.106290756034414707e-01 1.921959832467899087e-01 4.753037868209242234e+00 5.318604637708662430e+00 3.001222284284816855e-01 -3.395341504736117816e-02 -2.277892190382462823e-01
1.077808219178082183e+01 4.125000000000000194e-02 2.283905757308751783e-02 1.103874294153275870e-01 1.919543370461776755e-01 4.753279512983768385e+00 5.318363004742948874e+00 2.998805822538643806e-01 -3.419506062773144950e-02 -2.280308636295348967e-01
1.077534246575342358e+01 4.125000000000000194e-02 2.346258945962774803e-02 1.097638977986002268e-01 1.913308054083781296e-01 4.753903042217201502e+00 5.317739495419208318e+00 2.992570506598917213e-01 -3.481859121981054073e-02 -2.286543925540324984e-01
1.077260273972602889e+01 4.125000000000000194e-02 2.308077059071426615e-02 1.101457165040664182e-01 1.917126241266093878e-01 4.753521224955484570e+00 5.318121300620121339e+00 2.996388693515734114e-01 -3.443677313505591475e-02 -2.282725754794645290e-01
1.076986301369863064e+01 4.125000000000000194e-02 2.406773749516029001e-02 1.091587499185261434e-01 1.907256575161629664e-01 4.754508188724091866e+00 5.317134360383894531e+00 2.986519027929283032e-01 -3.542373850951086034e-02 -2.292595388829171965e-01
1.076712328767123239e+01 4.125000000000000194e-02 2.312987075049404567e-02 1.100966162971997037e-01 1.916635239234203980e-01 4.753570325578282407e+00 5.318072196522702022e+00 2.995897691407357621e-01 -3.448587352074090201e-02 -2.283216761561709662e-01
1.075890410958903942e+01 4.125000000000000194e-02 2.351852908911043413e-02 1.097079581388576558e-01 1.912748657509992234e-01 4.753958982144239620e+00 5.317683553259247020e+00 2.992011109975975525e-01 -3.487453099446841120e-02 -2.287103325157114342e-01
1.075616438356164473e+01 4.125000000000000194e-02 2.405903495591255742e-02 1.091674525531117074e-01 1.907343601433030555e-01 4.754499485247379198e+00 5.317143070895460788e+00 2.986606054355548379e-01 -3.541503551286847434e-02 -2.292508352970410168e-01
1.075342465753424648e+01 4.125000000000000194e-02 2.380951522702055151e-02 1.094169721270338569e-01 1.909838797293282597e-01 4.754249967042324165e+00 5.317392577665292386e+00 2.989101249964072893e-01 -3.516551652746364304e-02 -2.290013172694275456e-01
1.075068493150685001e+01 4.125000000000000194e-02 2.318598334048032131e-02 1.100405037437612171e-01 1.916074113671278056e-01 4.753626437808891048e+00 5.318016086989032942e+00 2.995336565903799486e-01 -3.454198593538455181e-02 -2.283777883449299440e-01
1.074794520547945176e+01 4.125000000000000194e-02 2.297251554041145061e-02 1.102539713819121192e-01 1.918208790179244672e-01 4.753412971600979198e+00 5.318229541249000825e+00 2.997471242148755377e-01 -3.432851891213734019e-02 -2.281643223224174288e-01
1.073972602739726057e+01 4.125000000000000194e-02 2.231203658477751151e-02 1.109144500459002397e-01 1.924813577046898261e-01 4.752752495513135500e+00 5.318889995816051375e+00 3.004076028542674304e-01 -3.366804135571086626e-02 -2.275038465685114975e-01
1.073698630136986232e+01 4.125000000000000194e-02 2.297251554041145061e-02 1.102539713819121192e-01 1.918208790179244672e-01 4.753412971600979198e+00 5.318229541249000825e+00 2.997471242148755377e-01 -3.432851891213733325e-02 -2.281643223224174288e-01
1.073424657534246585e+01 4.125000000000000194e-02 2.351753740373493246e-02 1.097089497996349972e-01 1.912758574136977918e-01 4.753957990700731884e+00 5.317684542887867849e+00 2.992021026563007058e-01 -3.487353942710594984e-02 -2.287093411003762178e-01
1.073150684931506937e+01 4.125000000000000194e-02 2.314262879160833633e-02 1.100838582499620438e-01 1.916507658766611888e-01 4.753583083679604471e+00 5.318059437969795411e+00 2.995770110929824592e-01 -3.449863159123289780e-02 -2.283344342645058922e-01
1.072876712328767113e+01 4.125000000000000194e-02 2.339214852050033877e-02 1.098343386760398943e-01 1.914012462906359846e-01 4.753832601884659503e+00 5.317809931199963813e+00 2.993274915321300078e-01 -3.474815057663773604e-02 -2.285839522921193634e-01
1.072328767123287641e+01 4.125000000000000194e-02 2.252544986392064977e-02 1.107010370240237851e-01 1.922679446627209021e-01 4.752965906262548224e+00 5.318676604050504686e+00 3.001941898540881337e-01 -3.388145340058529298e-02 -2.277172570233474969e-01
1.072054794520547993e+01 4.125000000000000194e-02 2.166350105519957228e-02 1.115629855338042681e-01 1.931298931958485288e-01 4.752103960393347037e+00 5.319538527860616206e+00 3.010561383386571310e-01 -3.301950602606883167e-02 -2.268553114964366457e-01
1.071780821917808169e+01 4.125000000000000194e-02 2.110512148046270187e-02 1.307818605085903363e-01 2.126412729108108357e-01 4.752024727150583772e+00 5.344824414463890783e+00 2.983925406190785501e-01 -4.654317983803281378e-02 -2.392529594995952691e-01
1.071506849315068344e+01 4.125000000000000194e-02 2.224980467218688057e-02 1.296371776987263469e-01 2.114965900711239521e-01 4.753169406587423040e+00 5.343679763204958633e+00 2.972478578414189387e-01 -4.768786119773393839e-02 -2.403976384992026760e-01
1.071232876712328874e+01 4.125000000000000194e-02 2.200028494329487466e-02 1.298866972726485658e-01 2.117461096571491563e-01 4.752919888382368008e+00 5.343929269974790230e+00 2.974973774022713902e-01 -4.743834221232910014e-02 -2.401481204715892048e-01
1.070958904109589049e+01 4.125000000000000194e-02 2.108501455794233731e-02 1.308019673547161643e-01 2.126613797629030300e-01 4.752004620979257687e+00 5.344844514998221108e+00 2.984126474587610600e-01 -4.652307328202467951e-02 -2.392328534157417141e-01
1.070410958904109577e+01 4.125000000000000194e-02 2.043527941294619177e-02 1.314517022122812795e-01 2.133111146429162164e-01 4.751354888660609177e+00 5.345494226107083691e+00 2.990623822920853159e-01 -4.587333951601573617e-02 -2.385831214262045530e-01
1.070136986301369930e+01 4.125000000000000194e-02 2.149026740704053709e-02 1.303967145384145598e-01 2.122561269440400300e-01 4.752409873505859750e+00 5.344439264891755137e+00 2.980073946452255207e-01 -4.692832597377713522e-02 -2.396381059047938133e-01
1.069863013698629928e+01 4.125000000000000194e-02 2.221578678729207654e-02 1.296711954501426345e-01 2.115306078329645401e-01 4.753135390015040151e+00 5.343713769928009505e+00 2.972818755815782588e-01 -4.765384395321969890e-02 -2.403636220796526446e-01
1.069589041095890458e+01 4.125000000000000194e-02 2.331227049821587086e-02 1.285747120578266678e-01 2.104341244157654778e-01 4.754231870593057963e+00 5.342617312860373779e+00 2.961853922161317709e-01 -4.875032613558306221e-02 -2.414601022928568597e-01
1.069315068493150633e+01 4.125000000000000194e-02 2.332533103524291399e-02 1.109419824037603808e-01 1.931212332607553928e-01 4.752767297973846006e+00 5.323541463150410991e+00 2.987731481496539998e-01 -4.074220390896875904e-02 -2.339551676524013468e-01
1.069041095890410986e+01 4.125000000000000194e-02 2.323873519561671722e-02 1.110285783914622959e-01 1.932078292368926420e-01 4.752680700678172165e+00 5.323628071372568549e+00 2.988597441498443419e-01 -4.065560735893083283e-02 -2.338685701871815181e-01
1.068493150684931514e+01 4.125000000000000194e-02 2.361154636708044305e-02 1.106557674517731349e-01 1.928350182791022382e-01 4.753053509570565716e+00 5.323255279582958188e+00 2.984869332297020450e-01 -4.102841741842699202e-02 -2.342413788141929354e-01
1.068219178082192045e+01 4.125000000000000194e-02 2.449540222523013608e-02 1.097719119224815493e-01 1.919511627241272111e-01 4.753937362195012284e+00 5.322371451225291317e+00 2.976030777281449269e-01 -4.191227169883823128e-02 -2.351252310620917108e-01
1.067945205479452042e+01 4.125000000000000194e-02 2.468546480798147758e-02 1.095818494989140163e-01 1.917611002881274285e-01 4.754127423212486825e+00 5.322181401953987923e+00 2.974130153180023495e-01 -4.210233351788580242e-02 -2.353152918973038243e-01
1.067671232876712395e+01 4.125000000000000194e-02 2.512273144219073773e-02 1.091445831397311467e-01 1.913238339074652683e-01 4.754564687142324608e+00 5.321744158318546525e+00 2.969757489820140650e-01 -4.253959883262165703e-02 -2.357525555122362837e-01
1.067397260273972570e+01 4.125000000000000194e-02 2.487321171329873182e-02 1.093941027136532962e-01 1.915733534934904725e-01 4.754315168937269576e+00 5.321993665088378123e+00 2.972252685428665164e-01 -4.229007984721682573e-02 -2.355030374846228125e-01
1.067123287671232923e+01 4.125000000000000194e-02 2.462369198440672591e-02 1.096436222875754457e-01 1.918228730795156767e-01 4.754065650732214543e+00 5.322243171858209720e+00 2.974747881037189678e-01 -4.204056086181199442e-02 -2.352535194570093413e-01
1.066575342465753629e+01 4.125000000000000194e-02 2.487321171329873182e-02 1.093941027136532962e-01 1.915733534934904725e-01 4.754315168937269576e+00 5.321993665088378123e+00 2.972252685428665164e-01 -4.229007984721682573e-02 -2.355030374846228125e-01
1.066301369863013626e+01 4.125000000000000194e-02 2.571062318987476711e-02 8.286657265430179276e-02 1.655866667049174235e-01 4.752844247620140017e+00 5.293381399407118160e+00 3.004604078299014658e-01 -3.071401958720533509e-02 -2.246768061832389030e-01
1.066027397260273979e+01 4.125000000000000194e-02 2.650207913780077210e-02 8.207511700073839844e-02 1.647952110283646132e-01 4.753635700673559228e+00 5.292589968074971729e+00 2.996689522011634632e-01 -3.150547412288959293e-02 -2.254682588996111681e-01
1.065753424657534332e+01 4.125000000000000194e-02 2.568288104627739973e-02 9.773683115626874418e-02 1.806134299428953371e-01 4.753178595553099406e+00 5.311057366347752939e+00 2.981253375907947922e-01 -4.039303977154127395e-02 -2.335985695838871945e-01
1.065479452054794329e+01 4.125000000000000194e-02 2.655421454989350186e-02 9.686549796020992031e-02 1.797420967228167132e-01 4.754049926032460682e+00 5.310186058563337141e+00 2.972540044206739562e-01 -4.126437179961234269e-02 -2.344698997110960803e-01
1.065205479452054860e+01 4.125000000000000194e-02 2.751177823947422926e-02 7.837509393537456237e-02 1.614998632962687253e-01 4.753406413806726682e+00 5.290686950496794161e+00 2.991104025599757299e-01 -3.361731890627329966e-02 -2.273563472391368634e-01
1.064657534246575388e+01 4.125000000000000194e-02 2.753516473146366828e-02 7.835170729132218126e-02 1.614764766640920945e-01 4.753429801793964238e+00 5.290663551288837141e+00 2.990870159030986075e-01 -3.364070612780364899e-02 -2.273797354004920557e-01
1.064383561643835563e+01 4.125000000000000194e-02 2.718351685006346191e-02 7.870335500391828498e-02 1.618281243898715693e-01 4.753078155572435293e+00 5.291015185054289915e+00 2.994386636014583214e-01 -3.328905905626205336e-02 -2.270280893722447790e-01
1.064109589041095916e+01 4.125000000000000194e-02 2.659685640215205329e-02 9.413198313658868721e-02 1.774139125856862009e-01 4.752852791899115026e+00 5.309287427195055642e+00 2.976689225967963370e-01 -4.234524080750037833e-02 -2.353377862829356404e-01
1.063835616438355913e+01 4.125000000000000194e-02 2.640127139793598324e-02 9.432756798676301957e-02 1.776094974478910904e-01 4.752657208409613254e+00 5.309482999317825858e+00 2.978645074339792975e-01 -4.214965654231866282e-02 -2.351422029698088390e-01
1.063561643835616444e+01 4.125000000000000194e-02 2.615175166904398080e-02 9.457708756068516909e-02 1.778590170339162946e-01 4.752407690204558222e+00 5.309732506087657455e+00 2.981140269948317489e-01 -4.190013755691383152e-02 -2.348926849421953678e-01
1.063287671232876797e+01 4.125000000000000194e-02 2.677528355558421100e-02 9.395355594395780885e-02 1.772354853961167487e-01 4.753031219437991339e+00 5.309108996763916899e+00 2.974904954008590896e-01 -4.252366814899292274e-02 -2.355162138666929694e-01
1.062739726027397147e+01 4.125000000000000194e-02 2.643157888535052277e-02 7.974099225762903975e-02 1.635359492718796992e-01 4.751435634039853362e+00 5.291753246772353592e+00 3.000775250102871161e-01 -3.470295148548849934e-02 -2.282093909262963294e-01
1.062465753424657677e+01 4.125000000000000194e-02 2.667589372980623888e-02 9.432006314712376716e-02 1.782942863233323016e-01 4.752015738177509441e+00 5.309663075346675143e+00 2.976436428502937659e-01 -4.403361247526279415e-02 -2.368225875790916646e-01
1.062191780821918030e+01 4.125000000000000194e-02 2.803697008408842159e-02 7.946034826724704403e-02 1.646196830961926816e-01 4.751294142616910854e+00 5.296476529287867052e+00 2.981885630193525927e-01 -4.327102545265829742e-02 -2.357819660917685189e-01
1.061917808219178028e+01 4.125000000000000194e-02 2.836328119560334315e-02 7.913403731807328034e-02 1.642933721343401432e-01 4.751620452132103267e+00 5.296150231751851400e+00 2.978622520838701826e-01 -4.359733578532113546e-02 -2.361082754210811208e-01
1.061643835616438380e+01 4.125000000000000194e-02 2.858874026293916834e-02 6.822694117998485963e-02 1.539149692510856093e-01 4.750537122855573280e+00 5.287346598413373400e+00 2.989830532636620353e-01 -4.259434797145579543e-02 -2.348470402373390442e-01
1.061369863013698556e+01 4.125000000000000194e-02 2.921227214947939507e-02 6.760340956325749939e-02 1.532914376132860634e-01 4.751160652089006398e+00 5.286723089089632843e+00 2.983595216696893759e-01 -4.321787856353488666e-02 -2.354705691618366459e-01
1.060821917808219261e+01 4.125000000000000194e-02 2.946179187837139751e-02 6.735388998933534987e-02 1.530419180272608592e-01 4.751410170294061430e+00 5.286473582319801245e+00 2.981100021088369245e-01 -4.346739754893972491e-02 -2.357200871894501171e-01
1.060547945205479436e+01 4.125000000000000194e-02 2.975733377018171394e-02 6.705834825554114753e-02 1.527463762811258063e-01 4.751705710632079693e+00 5.286178053641794605e+00 2.978144603883690622e-01 -4.376293868264803655e-02 -2.360156273465396359e-01
1.060273972602739789e+01 4.125000000000000194e-02 2.938452259871799158e-02 6.743115919523029467e-02 1.531191872389162101e-01 4.751332901739686143e+00 5.286550845431404966e+00 2.981872713085113591e-01 -4.339012862315187735e-02 -2.356428187195282187e-01
1.059999999999999964e+01 4.125000000000000194e-02 2.931468191519744082e-02 6.750099971560785672e-02 1.531890277720352744e-01 4.751263062660369130e+00 5.286620672472388094e+00 2.982571118151298717e-01 -4.332028872233007616e-02 -2.355729798270121134e-01
1.059726027397260317e+01 4.125000000000000194e-02 3.012967894804081948e-02 6.668600298094361223e-02 1.523740310140836163e-01 4.752078056761178004e+00 5.285805700374484495e+00 2.974421151056129697e-01 -4.413528432462170137e-02 -2.363879735864038434e-01
1.058904109589041020e+01 4.125000000000000194e-02 3.033307332885087568e-02 5.791870856009618401e-02 1.442851316573620091e-01 4.751049989550829800e+00 5.279075338691279207e+00 2.981956552926926518e-01 -4.446052657232393845e-02 -2.363662821487661769e-01
1.058630136986301373e+01 4.125000000000000194e-02 3.008355359995887324e-02 5.816822813401829884e-02 1.445346512433872133e-01 4.750800471345774767e+00 5.279324845461110804e+00 2.984451748535451032e-01 -4.421100758691910021e-02 -2.361167641211527057e-01
1.058356164383561548e+01 4.125000000000000194e-02 3.084955746119108846e-02 5.740222457073773654e-02 1.437686476568366678e-01 4.751566472277204412e+00 5.278558866515793646e+00 2.976791713153926211e-01 -4.497701001869078979e-02 -2.368827647114303270e-01
1.058082191780822079e+01 4.125000000000000194e-02 3.002957069738296583e-02 5.822221103577087525e-02 1.445886341452040091e-01 4.750746488451290439e+00 5.279378828294838399e+00 2.984991577552281727e-01 -4.415702468829317551e-02 -2.360627812276152315e-01
1.057808219178082432e+01 4.125000000000000194e-02 3.055224193649023687e-02 5.769954008428931913e-02 1.440659631712591648e-01 4.751269156862135468e+00 5.278856181108134038e+00 2.979764868280035395e-01 -4.467969454747994923e-02 -2.365854493091274768e-01
1.057534246575342429e+01 4.125000000000000194e-02 3.072970332057355092e-02 5.863628937269819985e-02 1.461423185236575550e-01 4.750498617674923985e+00 5.283998209281541847e+00 2.970466860677559162e-01 -5.219590533669650478e-02 -2.431351079807132776e-01
1.056986301369862957e+01 4.125000000000000194e-02 3.017461445344353163e-02 5.018465381791984564e-02 1.402151852062229476e-01 4.747049588049814695e+00 5.279844938392433740e+00 2.986812636840962543e-01 -5.562679470292438560e-02 -2.455278581737405097e-01
1.056712328767123132e+01 4.125000000000000194e-02 3.013096876741092750e-02 5.295292166380460158e-02 1.437376344723893529e-01 4.746261928799040852e+00 5.283392321933816582e+00 2.983901369024635208e-01 -5.857459631673473527e-02 -2.480901831625007548e-01
1.056438356164383663e+01 4.125000000000000194e-02 2.909905121981111800e-02 6.883981834681784928e-02 1.597662340237125389e-01 4.745608858814780895e+00 5.301809266684837318e+00 2.969561391132331529e-01 -6.755205567444483306e-02 -2.562983955801912406e-01
1.056164383561643838e+01 4.125000000000000194e-02 2.975730264099732056e-02 5.883880064929165182e-02 1.503482535818134180e-01 4.744941545795693827e+00 5.294222084504300874e+00 2.975451729893827668e-01 -6.731126471811532674e-02 -2.557821359947560769e-01
1.055890410958904191e+01 4.125000000000000194e-02 2.980978352488751829e-02 5.926634058660216337e-02 1.517424797973663253e-01 4.744006651484593995e+00 5.297613155204127011e+00 2.969009948908550856e-01 -7.332778982632925935e-02 -2.610464511452278424e-01
1.055616438356164366e+01 4.125000000000000194e-02 3.073386780242205740e-02 5.053859587702275169e-02 1.451315757550949992e-01 4.742418577898068754e+00 5.293696840349066512e+00 2.968162597572661099e-01 -7.828035754497232601e-02 -2.650393021007909078e-01
1.055068493150684716e+01 4.125000000000000194e-02 3.064821182305598260e-02 5.091367834738031589e-02 1.464687658574131413e-01 4.741385410830448954e+00 5.297176429125457275e+00 2.965482226066450955e-01 -8.372189582789747730e-02 -2.696846029613051976e-01
1.054794520547945247e+01 4.125000000000000194e-02 3.100084686499910910e-02 4.874779634894145508e-02 1.451205432942487550e-01 4.740668993691366850e+00 5.298498755225424794e+00 2.960049940514322686e-01 -8.886706286118160880e-02 -2.741453378360978466e-01
1.054520547945205422e+01 4.125000000000000194e-02 3.079677348476770812e-02 4.541640626783723100e-02 1.433421526073065388e-01 4.738675908336214881e+00 5.299075929489426073e+00 2.963246268698507824e-01 -9.393336188757048233e-02 -2.783103357162260982e-01
1.054246575342465775e+01 4.125000000000000194e-02 3.017792634011601249e-02 3.849867732837670281e-02 1.380386162804023986e-01 4.736273009579822890e+00 5.294113815015155211e+00 2.979105389100082935e-01 -9.462372824796350113e-02 -2.784188439314462249e-01
1.053972602739725950e+01 4.125000000000000194e-02 3.117367999567026426e-02 3.750292398884537415e-02 1.370428629161898615e-01 4.737268760127880896e+00 5.293118087786742976e+00 2.969147855971289718e-01 -9.561948038735779143e-02 -2.794145941176564008e-01
1.053698630136986480e+01 4.125000000000000194e-02 3.191825365431616435e-02 2.656182508052794614e-02 1.278708041174375643e-01 4.735495665043247371e+00 5.285256390773583668e+00 2.975332786697631460e-01 -9.754198049980604412e-02 -2.806932958874244766e-01
1.053150684931506831e+01 4.125000000000000194e-02 3.162696127676747210e-02 1.948678666741522278e-02 1.255127361488041215e-01 4.735015099846475728e+00 5.320421911908198354e+00 2.920664956050434968e-01 -1.236851933564829670e-01 -3.093173806707380513e-01
1.052876712328767184e+01 4.125000000000000194e-02 3.098779764840200665e-02 2.956367901007486351e-02 1.360350124957955542e-01 4.734214451153861525e+00 5.330628162026711081e+00 2.913011611693288594e-01 -1.287207851005072734e-01 -3.139556630893967637e-01
1.052602739726027359e+01 4.125000000000000194e-02 3.032852931327182158e-02 3.022294705993376629e-02 1.366942805679340345e-01 4.733555185623838035e+00 5.331287406506333149e+00 2.919604291951287678e-01 -1.280615181340020170e-01 -3.132963978860137111e-01
1.052328767123287534e+01 4.125000000000000194e-02 2.995073838029932434e-02 3.060073776104021634e-02 1.370720712871489333e-01 4.733177396970835282e+00 5.331665178049806997e+00 2.923382198766809603e-01 -1.276837283134357459e-01 -3.129186094984977018e-01
1.052054794520548064e+01 4.125000000000000194e-02 2.929025942466538524e-02 3.126121642502838888e-02 1.377325499739142922e-01 4.732516920882991585e+00 5.332325632616857547e+00 2.929986985160728530e-01 -1.270232507570092650e-01 -3.122581337445917704e-01
1.051780821917808240e+01 4.125000000000000194e-02 2.993754009391600551e-02 3.061393604081814185e-02 1.370852695674424360e-01 4.733164198749403972e+00 5.331678375783806878e+00 2.923514181559020986e-01 -1.276705300587429037e-01 -3.129054112846303970e-01
1.051232876712328768e+01 4.125000000000000194e-02 3.018705982280801142e-02 3.036441646689603396e-02 1.368357499814172318e-01 4.733413716954459005e+00 5.331428869013975280e+00 2.921018985950496472e-01 -1.279200490441478044e-01 -3.131549293122435906e-01
1.050958904109589120e+01 4.125000000000000194e-02 2.952658086717407232e-02 3.102489513088415793e-02 1.374962286681825907e-01 4.732753240866615307e+00 5.332089323581025830e+00 2.927623772344415398e-01 -1.272595714877213235e-01 -3.124944535583376592e-01
1.050684931506849118e+01 4.125000000000000194e-02 3.034656763098219495e-02 3.020490866585098799e-02 1.366762421798152216e-01 4.733573224692529280e+00 5.331269361801981077e+00 2.919423907946059882e-01 -1.280795568181191391e-01 -3.133144370421522829e-01
1.050410958904109648e+01 4.125000000000000194e-02 2.949746644266679207e-02 3.105400954613834336e-02 1.375253430841593405e-01 4.732724126533086384e+00 5.332118437231735619e+00 2.927914916489155472e-01 -1.272304571076071367e-01 -3.124653392354116432e-01
1.050136986301369824e+01 4.125000000000000194e-02 2.954887960445190184e-02 4.584289683438486085e-02 1.524733807193757451e-01 4.733134446640458570e+00 5.349835556170598139e+00 2.904019451823220410e-01 -1.368041658525253890e-01 -3.213066767383487288e-01
1.049863013698630176e+01 4.125000000000000194e-02 2.982912285977952493e-02 2.796020818867339663e-02 1.348961457111991502e-01 4.731911820458297058e+00 5.330642890334830852e+00 2.927695193325196565e-01 -1.288860556775051069e-01 -3.139050504516505691e-01
1.049315068493150882e+01 4.125000000000000194e-02 3.021906187810573588e-02 2.952829418141208334e-02 1.371528990396454484e-01 4.731683409828273845e+00 5.334506785231612369e+00 2.921108958525819310e-01 -1.322897967864128110e-01 -3.169085772469012463e-01
1.049041095890410880e+01 4.125000000000000194e-02 3.048517073938168329e-02 2.926218548288333707e-02 1.368867903284061716e-01 4.731949517089239166e+00 5.334240689979779404e+00 2.918447871677786187e-01 -1.325559048668890350e-01 -3.171746843215181855e-01
1.048767123287671232e+01 4.125000000000000194e-02 2.964989846984803293e-02 3.009745745029473313e-02 1.377220623194132798e-01 4.731114247790515037e+00 5.335075936984631895e+00 2.926800591097107884e-01 -1.317206340468250747e-01 -3.163394153687245636e-01
1.048493150684931585e+01 4.125000000000000194e-02 2.940037874095603049e-02 3.034697702421683060e-02 1.379715819054384840e-01 4.730864729585460005e+00 5.335325443754463492e+00 2.929295786705632398e-01 -1.314711150614201740e-01 -3.160898973411113699e-01
1.048219178082191760e+01 4.125000000000000194e-02 2.919645333113876293e-02 4.208138964659909748e-02 1.499084914440551308e-01 4.730947132277812273e+00 5.351855913827632705e+00 2.911975584747702461e-01 -1.401509298077677490e-01 -3.240007432081754568e-01
1.047945205479451936e+01 4.125000000000000194e-02 2.937169406450407944e-02 3.153803065728664340e-02 1.399163423874989765e-01 4.729831433186046930e+00 5.343369984275561535e+00 2.922983345285540269e-01 -1.393288466450754437e-01 -3.229094022963192590e-01
1.047123287671232816e+01 4.125000000000000194e-02 3.008661710541883985e-02 3.082310790886826773e-02 1.392014196162368045e-01 4.730546353350806754e+00 5.342655085694359762e+00 2.915834118048033496e-01 -1.400437682827022079e-01 -3.236243221261684289e-01
1.046849315068493169e+01 4.125000000000000194e-02 3.024540338440829049e-02 3.066432178498001981e-02 1.390426334802351560e-01 4.730705138104670304e+00 5.342496312385405233e+00 2.914246256939955759e-01 -1.402025538175746822e-01 -3.237831067024380394e-01
1.046575342465753167e+01 4.125000000000000194e-02 3.074438312657026134e-02 2.186723704416023914e-02 1.309351120998648865e-01 4.729958619725532998e+00 5.335907149515761283e+00 2.918889341232421830e-01 -1.407622126871875268e-01 -3.240012344917056475e-01
1.046301369863013520e+01 4.125000000000000194e-02 3.049486339767826237e-02 2.211675661808234009e-02 1.311846316858900907e-01 4.729709101520477965e+00 5.336156656285592881e+00 2.921384536840946344e-01 -1.405126937017826261e-01 -3.237517164640924539e-01
1.046027397260274050e+01 4.125000000000000194e-02 3.105628206799711244e-02 1.052537996777587123e-02 1.258409366753792114e-01 4.756391832644993656e+00 5.406032796800821494e+00 2.687471763697454885e-01 -1.989439592106107546e-01 -3.908030855169339901e-01
1.045479452054794578e+01 4.125000000000000194e-02 3.071292133446376291e-02 -1.109374775748112225e-02 1.173612848894836913e-01 4.769493946744293389e+00 5.440999130157188723e+00 2.792071061974383817e-01 -1.969341491921039744e-01 -3.932601657778581061e-01
1.045205479452054753e+01 4.125000000000000194e-02 3.264812059568252683e-02 -2.231654638496170101e-02 1.128844155618462797e-01 4.791097734408260145e+00 5.455690831886688130e+00 2.797250143089371477e-01 -1.852958732396518815e-01 -3.855463899303804842e-01
1.044931506849315284e+01 4.125000000000000194e-02 3.210315620589825752e-02 -3.590246992955967165e-02 1.088712578188392038e-01 4.820356930227262637e+00 5.484711973700086673e+00 2.714596200795060810e-01 -1.965761240048175262e-01 -3.991336367035411836e-01
1.044657534246575281e+01 4.125000000000000194e-02 3.278496348781862607e-02 -4.534046742469335922e-02 1.032815419488303937e-01 4.831793072266743927e+00 5.485636938646597294e+00 2.763047394740519302e-01 -1.902445886528001673e-01 -3.936409618271038413e-01
1.044383561643835634e+01 4.125000000000000194e-02 3.311611947628870928e-02 -5.826947148866872678e-02 9.710008260865360397e-02 4.851044209256285100e+00 5.497406791310069707e+00 2.776580765786713090e-01 -1.887124755038293300e-01 -3.937318660122387515e-01
1.044109589041095809e+01 4.125000000000000194e-02 3.412848476239074835e-02 -7.752472408130788029e-02 8.395987296577481218e-02 4.865475362591197062e+00 5.493661585972795081e+00 2.899035666360290642e-01 -1.749513158939173807e-01 -3.811356195992933737e-01
1.043561643835616337e+01 4.125000000000000194e-02 3.413262688452779053e-02 -7.839554181380804787e-02 8.406599284497595637e-02 4.869113081923716280e+00 5.494902627506931481e+00 2.895306946144727278e-01 -1.749563053801145296e-01 -3.812746486020647807e-01
1.043287671232876868e+01 4.125000000000000194e-02 3.660169394849752122e-02 -1.002686410657445820e-01 6.681719269755330426e-02 4.872853612534705725e+00 5.474212138147048101e+00 3.125884889867003857e-01 -1.494860987789721207e-01 -3.560870102714591146e-01
1.043013698630137043e+01 4.125000000000000194e-02 3.758038797313913160e-02 -1.142003820585491825e-01 5.547789913789754473e-02 4.888660357703538573e+00 5.468261594906043577e+00 3.258077852544025710e-01 -1.310410356691973088e-01 -3.393712953462691972e-01
1.042739726027397218e+01 4.125000000000000194e-02 3.673805689469356039e-02 -1.118922217516194889e-01 6.091548700798166821e-02 4.901573095665741953e+00 5.507330749238970924e+00 3.082956078097308095e-01 -1.619065061196454103e-01 -3.726227754727670094e-01
1.042465753424657571e+01 4.125000000000000194e-02 3.475002730499680836e-02 -1.098788222660697228e-01 6.623597632278678538e-02 4.904331275185470851e+00 5.528147533402256286e+00 2.951242080529352663e-01 -1.811881162844253268e-01 -3.921163604115254220e-01
1.042191780821917568e+01 4.125000000000000194e-02 3.493643234279591309e-02 -1.145897524026500136e-01 6.296769654650072323e-02 4.908584283857476471e+00 5.527745035348159419e+00 2.986783144630246745e-01 -1.772091443970911229e-01 -3.885710126762333960e-01
1.041369863013698627e+01 4.125000000000000194e-02 3.524903185865329441e-02 -1.192628151132234943e-01 6.252731140282710709e-02 4.904741801666522960e+00 5.522648711546753297e+00 3.032149767054035938e-01 -1.734096911475107305e-01 -3.840297292712723798e-01
1.041095890410958980e+01 4.125000000000000194e-02 3.555200972503948231e-02 -1.220501225567541398e-01 6.134145756218897794e-02 4.910044696781564966e+00 5.524597770932389906e+00 3.037329181616034712e-01 -1.728973981117140624e-01 -3.838351837164715175e-01
1.040821917808219155e+01 4.125000000000000194e-02 3.525095214903237184e-02 -1.069185652831323996e-01 7.965163927278526290e-02 4.925982260063688223e+00 5.568596509434741826e+00 2.690460009939283914e-01 -2.154372192319842783e-01 -4.268930415095985587e-01
1.040547945205479685e+01 4.125000000000000194e-02 3.459047319313771074e-02 -1.075790440168750278e-01 7.899116056974983535e-02 4.925321784118518842e+00 5.569256976163581285e+00 2.697064796553767518e-01 -2.147767430257936372e-01 -4.275534865110704463e-01
1.040273972602739683e+01 4.125000000000000194e-02 3.438166663128153916e-02 -1.203449513102954754e-01 6.941279322686907949e-02 4.934406059625175089e+00 5.557945921369789488e+00 2.858147631174748349e-01 -1.928943614435029985e-01 -4.087888002108132635e-01
1.039726027397260211e+01 4.125000000000000194e-02 3.449292047351602136e-02 -1.279727637334236723e-01 6.808448530329973269e-02 4.943284614518071329e+00 5.568018656456160898e+00 2.851329742320425353e-01 -1.959967613676632248e-01 -4.122403891705690437e-01
1.039452054794520564e+01 4.125000000000000194e-02 3.517649926692997114e-02 -1.395344176525822322e-01 6.197654717142525582e-02 4.951226946153503228e+00 5.566750183503567762e+00 2.921555258127638277e-01 -1.889325553983601524e-01 -4.055697109661277056e-01
1.039178082191780739e+01 4.125000000000000194e-02 3.462222682211959363e-02 -1.468050422721941806e-01 6.234308182497439593e-02 4.957161232915705540e+00 5.579188927350315019e+00 2.903319805977527812e-01 -1.953677244768836085e-01 -4.119118808337020599e-01
1.038904109589041269e+01 4.125000000000000194e-02 3.303242617137777670e-02 -1.485702781285214713e-01 6.385762881380199762e-02 4.970038259003760395e+00 5.589517269341038208e+00 2.869487138742350951e-01 -1.993454934398364853e-01 -4.167965859397566586e-01
1.038630136986301444e+01 4.125000000000000194e-02 3.413103889675898894e-02 -1.489982168682869590e-01 6.794279182766789493e-02 4.978775542450862623e+00 5.616110491760503365e+00 2.759916861507734631e-01 -2.199232083745949473e-01 -4.382470366386670979e-01
1.038356164383561620e+01 4.125000000000000194e-02 3.223354894110408431e-02 -1.561824843364530424e-01 7.332334387316129243e-02 4.950507386113278230e+00 5.651880952223039323e+00 2.693196899662517740e-01 -2.512199475985945063e-01 -4.693542626808514528e-01
1.037534246575342323e+01 4.125000000000000194e-02 3.231997089565116776e-02 -1.637169835452898514e-01 7.081512356764811666e-02 4.956786689266352575e+00 5.654823944928849322e+00 2.725021421687428558e-01 -2.487582005471482283e-01 -4.674956904350567877e-01
1.037260273972602853e+01 4.125000000000000194e-02 3.197919503459354523e-02 -1.634891014689655586e-01 7.518394232872845084e-02 4.968576525929551124e+00 5.673950439790619527e+00 2.609092494932949147e-01 -2.631231230918823494e-01 -4.824999890465428432e-01
1.036986301369863028e+01 4.125000000000000194e-02 3.234049239817701760e-02 -1.854106243694458311e-01 5.651201365307231134e-02 4.943749804435173978e+00 5.640183891730382371e+00 2.927838836589527483e-01 -2.325731458495318149e-01 -4.509067681310559572e-01
1.036712328767123203e+01 4.125000000000000194e-02 3.333320501671344777e-02 -1.889471699408641348e-01 5.884898716248485734e-02 4.963286282511780279e+00 5.661693636818383446e+00 2.808239440602758874e-01 -2.441521567212121546e-01 -4.638190567979179058e-01
1.036438356164383556e+01 4.125000000000000194e-02 3.483201220641558155e-02 -2.021941105272661576e-01 5.025494800073493362e-02 4.976889459815691197e+00 5.660781126105063343e+00 2.916208419090399739e-01 -2.304990185298170235e-01 -4.516633111899602260e-01
1.035890410958904084e+01 4.125000000000000194e-02 3.585007885627201213e-02 -2.102685806495081244e-01 4.646004961366495545e-02 4.990633904932812115e+00 5.664334830662360432e+00 2.938283969617550007e-01 -2.275221297454440850e-01 -4.494589189831804110e-01
1.035616438356164437e+01 4.125000000000000194e-02 3.434428462990790631e-02 -2.127209968874702317e-01 4.889715531724529718e-02 5.003615168583016803e+00 5.693139403364540385e+00 2.785394708483957538e-01 -2.469714845336377917e-01 -4.701486583584295609e-01
1.035342465753424612e+01 4.125000000000000194e-02 3.464809101652287920e-02 -2.217855536555340679e-01 4.572470553809554472e-02 5.022511709754837739e+00 5.708433176432173184e+00 2.765438252245452366e-01 -2.494489355959414456e-01 -4.742553193221528129e-01
1.035068493150684965e+01 4.125000000000000194e-02 3.374655891192831353e-02 -2.291281991170449339e-01 4.461548323807063704e-02 5.033783048327788556e+00 5.730164556066028148e+00 2.713344606833672512e-01 -2.594600805396636289e-01 -4.857984251024419220e-01
1.034794520547945140e+01 4.125000000000000194e-02 3.359622039835303414e-02 -2.339671663526123602e-01 4.204549112266693645e-02 5.040215292894639987e+00 5.733475780861536641e+00 2.724737557793542875e-01 -2.581750517697435354e-01 -4.850755936433494564e-01
1.034520547945205671e+01 4.125000000000000194e-02 3.411833711413053694e-02 -2.454812904574492083e-01 3.979929163342722787e-02 5.038436238386329258e+00 5.749627141011639075e+00 2.737139139987819214e-01 -2.642870070081712042e-01 -4.923010860610114170e-01
1.033972602739726021e+01 4.125000000000000194e-02 3.512019668230653702e-02 -2.523960767733570143e-01 3.663530083110761587e-02 5.050696080346989802e+00 5.757100837638995827e+00 2.744695698101555781e-01 -2.635777547138879462e-01 -4.926180648743695989e-01
1.033698630136986374e+01 4.125000000000000194e-02 3.504277420316461583e-02 -2.588362057891941959e-01 3.299970350865701757e-02 5.052226807611173598e+00 5.755002188672007080e+00 2.791803913527501901e-01 -2.590848447197364735e-01 -4.881409849406228019e-01
1.033424657534246371e+01 4.125000000000000194e-02 3.600731433010457422e-02 -2.690826201683522712e-01 2.649450622750809323e-02 5.061910561600662106e+00 5.754550586151580660e+00 2.851964799602375034e-01 -2.517005233641609885e-01 -4.815417897071020970e-01
1.033150684931506724e+01 4.125000000000000194e-02 3.405433645883190058e-02 -2.771158268289798388e-01 2.215289866760633553e-02 5.071469492711726978e+00 5.762286093404436649e+00 2.856057165794890218e-01 -2.527953473645409010e-01 -4.835583844839976830e-01
1.032876712328767077e+01 4.125000000000000194e-02 3.286279861439014155e-02 -2.779395779806728695e-01 2.642556197723374203e-02 5.074633268291188770e+00 5.803893058177000519e+00 2.690852301641996069e-01 -2.878778178100161456e-01 -5.181924031281651688e-01
1.032602739726027430e+01 4.125000000000000194e-02 3.395454113785587036e-02 -2.901797997954422281e-01 2.664908136200727987e-02 5.100716498975003788e+00 5.837533314019230701e+00 2.604824119267507565e-01 -3.028266540883705615e-01 -5.355182518244563372e-01
1.032054794520547958e+01 4.125000000000000194e-02 3.321228210377135531e-02 -2.909220585260494651e-01 2.590682266555989488e-02 5.099974242093831656e+00 5.836791056566193348e+00 2.612246708732303691e-01 -3.020843951338736955e-01 -5.347759929855879779e-01
1.031780821917807955e+01 4.125000000000000194e-02 3.332795015369940939e-02 -2.987411642004361711e-01 2.384444536597313952e-02 5.097443800057942731e+00 5.842074763942344262e+00 2.645135933859841249e-01 -3.022866282155814988e-01 -5.354542824006017776e-01
1.031506849315068486e+01 4.125000000000000194e-02 3.460165409122857583e-02 -3.080494707679620747e-01 2.288751151969381503e-02 5.084617226114604982e+00 5.848336123548816268e+00 2.695799517429275372e-01 -3.038346566251728942e-01 -5.374235118170397341e-01
1.031232876712328839e+01 4.125000000000000194e-02 3.445940855450628504e-02 -3.180853947583712205e-01 2.159174186644424037e-02 5.079065537418633980e+00 5.865514672029243037e+00 2.708497547577236597e-01 -3.118804298100545935e-01 -5.464984418142542211e-01
1.030958904109589014e+01 4.125000000000000194e-02 3.245275948576597375e-02 -3.221866725633787398e-01 2.356373720887612946e-02 5.103367642499647694e+00 5.895775097454359681e+00 2.558395620096011180e-01 -3.305407587070370856e-01 -5.666379825784326751e-01
1.030684931506849367e+01 4.125000000000000194e-02 3.197855899793878437e-02 -3.257647193699114152e-01 2.229291164464735145e-02 5.114227038422450633e+00 5.902515335697159138e+00 2.533692492202928026e-01 -3.328838647263232531e-01 -5.695940333472373496e-01
1.030136986301370072e+01 4.125000000000000194e-02 3.217516213428946170e-02 -3.300044650038864158e-01 2.047144477128067658e-02 5.124560889784176787e+00 5.908036709637988437e+00 2.531462990202799634e-01 -3.330707322639876455e-01 -5.705664160820941300e-01
1.029863013698630070e+01 4.125000000000000194e-02 3.101143807722080842e-02 -3.375123425202189997e-01 1.820073237777623115e-02 5.151918246779357169e+00 5.925011739654218346e+00 2.465787681150154731e-01 -3.391587546304052347e-01 -5.781539802931148220e-01
1.029589041095890423e+01 4.125000000000000194e-02 3.284909130151131978e-02 -3.451364196177124644e-01 1.372552878514855107e-02 5.154105837744062057e+00 5.916532705776516465e+00 2.581631311458598699e-01 -3.233991614611650411e-01 -5.633565544523643220e-01
1.029315068493150598e+01 4.125000000000000194e-02 3.347826062381584894e-02 -3.441098749860537764e-01 1.519239539941771161e-02 5.158757783071203917e+00 5.920669097100276446e+00 2.550061430396496354e-01 -3.266567580332708221e-01 -5.667509509130238543e-01
1.029041095890410951e+01 4.125000000000000194e-02 3.217113878366115870e-02 -3.513856424004407897e-01 1.219186830598114647e-02 5.181727269692752103e+00 5.934893825063163320e+00 2.499069006718304675e-01 -3.313466477796734311e-01 -5.727456300144779799e-01
1.028767123287671126e+01 4.125000000000000194e-02 3.406186126698322603e-02 -3.753325676525113841e-01 4.025722616054120719e-03 5.148447075815610674e+00 5.941689864847024438e+00 2.752236539852863095e-01 -3.234412433935489051e-01 -5.658829374168966586e-01
1.028219178082191831e+01 4.125000000000000194e-02 3.429106951100707040e-02 -3.925480756733195076e-01 -9.287809993130170284e-04 5.146832799897548938e+00 5.960827556528681903e+00 2.804916583596519519e-01 -3.288769904991100668e-01 -5.725646671565637336e-01
1.027945205479452007e+01 4.125000000000000194e-02 3.377145408031600321e-02 -3.946898647655268100e-01 2.602227043814435078e-03 5.155141014253265652e+00 5.980041918351033381e+00 2.716454525608764103e-01 -3.424393219467991578e-01 -5.868025424536067458e-01
1.027671232876712359e+01 4.125000000000000194e-02 3.560986444165792353e-02 -4.060413864494640257e-01 -2.678353826454895475e-03 5.150597486214303800e+00 5.980253425020065627e+00 2.814005602502464565e-01 -3.362396145626418975e-01 -5.811421340820129844e-01
1.027397260273972357e+01 4.125000000000000194e-02 3.334753507155061719e-02 -4.120122100190646286e-01 -6.627836694824844159e-03 5.144503391785612223e+00 5.979370775828848572e+00 2.858156700060082711e-01 -3.341593522667019034e-01 -5.792263088174138819e-01
1.027123287671232887e+01 4.125000000000000194e-02 3.551626847393916236e-02 -4.169554595583816470e-01 -9.850345573980286845e-03 5.150641114533356379e+00 5.973484881175563643e+00 2.898418975220163896e-01 -3.262694619934605189e-01 -5.715614755276366976e-01
1.026849315068493063e+01 4.125000000000000194e-02 3.432276012531976922e-02 -4.227734057567874015e-01 -7.921213679494436277e-03 5.160748061752089555e+00 5.992433990624308038e+00 2.830696444524523625e-01 -3.378709301980958868e-01 -5.839940909319845108e-01
1.026301369863013768e+01 4.125000000000000194e-02 3.402023180327228002e-02 -4.298901584689755473e-01 -1.537235723946922192e-02 5.157333393625142648e+00 5.976908420824053714e+00 2.966938513199263716e-01 -3.223604410914250318e-01 -5.685066578613157118e-01
1.026027397260273943e+01 4.125000000000000194e-02 3.342311466189250985e-02 -4.304872752593624785e-01 -1.596947402899398863e-02 5.156736278817226626e+00 5.977505525044178647e+00 2.972909678908385311e-01 -3.229575575704985990e-01 -5.691037737014685849e-01
1.025753424657534474e+01 4.125000000000000194e-02 3.488952459793961958e-02 -4.277407138214949778e-01 -9.488392725541382189e-03 5.156932484311033349e+00 6.004930059684121524e+00 2.828442806147670185e-01 -3.466059642904008031e-01 -5.938381186019121571e-01
1.025479452054794471e+01 4.125000000000000194e-02 3.683701924273159733e-02 -4.441995235902187478e-01 -2.219729918335160146e-02 5.168994198429526676e+00 5.997500743664549105e+00 2.971862030214323935e-01 -3.314149018007339631e-01 -5.792588996259758760e-01
1.025205479452054824e+01 4.125000000000000194e-02 3.542605531755802645e-02 -4.450337186816600288e-01 -2.013339771866763661e-02 5.179099164582403603e+00 6.009250641606366017e+00 2.906261195387276897e-01 -3.394758890901430348e-01 -5.877228053465414215e-01
1.024931506849314999e+01 4.125000000000000194e-02 3.829821225112464006e-02 -4.497738539899872046e-01 -3.549859806767211023e-02 5.194269100306612152e+00 5.990775613256801968e+00 2.973293280733103616e-01 -3.162933378764745118e-01 -5.676787008205266272e-01
1.024383561643835527e+01 4.125000000000000194e-02 3.717113194513110147e-02 -4.503439147930978215e-01 -3.488343805717388640e-02 5.197916564562502728e+00 5.994425141554735603e+00 2.951843882287386589e-01 -3.186829836570113095e-01 -5.701972919640543314e-01
1.024109589041096058e+01 4.125000000000000194e-02 3.834179769108132102e-02 -4.565525489052978947e-01 -3.916138980760595911e-02 5.204548403621009456e+00 5.993996706360480431e+00 2.996347281568760845e-01 -3.139049397525014995e-01 -5.658238417563301592e-01
1.023835616438356233e+01 4.125000000000000194e-02 3.744687732733516933e-02 -4.649603795715467336e-01 -4.301224146177518026e-02 5.214536064569454510e+00 5.998619277030473818e+00 3.013153025497866122e-01 -3.129090836830417666e-01 -5.652536395309962769e-01
1.023561643835616408e+01 4.125000000000000194e-02 3.837442860639353470e-02 -4.676055417579190743e-01 -4.642732039575673403e-02 5.211607296104247666e+00 5.989363419226636509e+00 3.084106788884143358e-01 -3.040382809756582705e-01 -5.563739465875021661e-01
1.023287671232876761e+01 4.125000000000000194e-02 3.741053909166123376e-02 -4.687280630585556884e-01 -4.401144432371691811e-02 5.224138041149705813e+00 6.007066369240484427e+00 2.981298659827221198e-01 -3.176897427335546586e-01 -5.705744009095119473e-01
1.023013698630136936e+01 4.125000000000000194e-02 3.904828863789817917e-02 -4.742027558493517869e-01 -4.629187518291426329e-02 5.230859757983092884e+00 6.010703754557817469e+00 3.003058745548463637e-01 -3.165127512622878947e-01 -5.691683702095172714e-01
1.022465753424657642e+01 4.125000000000000194e-02 3.817028824455691305e-02 -4.750807558356412441e-01 -4.716987519179088179e-02 5.229981762986684934e+00 6.009825756131138341e+00 3.011838748157134038e-01 -3.156347509711737720e-01 -5.682903700605916875e-01
1.022191780821917817e+01 4.125000000000000194e-02 3.902498098409990651e-02 -4.822994131520735306e-01 -5.289910518889946039e-02 5.233484577574653684e+00 6.004459285060015361e+00 3.078435423132801496e-01 -3.082968045980134519e-01 -5.611175179135984292e-01
1.021917808219178170e+01 4.125000000000000194e-02 3.920884565000889999e-02 -4.785012476339834397e-01 -5.552576635631482210e-02 5.244813944808711881e+00 6.005267378880937201e+00 3.032379549053500489e-01 -3.063856101504916496e-01 -5.602863472543093692e-01
1.021643835616438345e+01 4.125000000000000194e-02 3.977815784285587686e-02 -4.892512624052692827e-01 -6.263999607018712334e-02 5.256554603414466342e+00 5.998532716692677624e+00 3.112110283039294933e-01 -2.960366806409860940e-01 -5.499123060084538661e-01
1.021369863013698875e+01 4.125000000000000194e-02 4.043009837754955177e-02 -4.884476634067869694e-01 -7.067053339024376157e-02 5.275776455440238877e+00 5.988992559582357877e+00 3.091705255864556356e-01 -2.811983023047174290e-01 -5.376016605549676086e-01
1.021095890410958873e+01 4.125000000000000194e-02 3.762869660163303820e-02 -4.827357609832655383e-01 -6.321557473385411297e-02 5.283621908553731039e+00 6.006247631924567010e+00 2.957150291700478828e-01 -2.973441485470982304e-01 -5.540254023912143388e-01
1.020273972602739754e+01 4.125000000000000194e-02 3.975760883716309563e-02 -4.892698657484708669e-01 -6.445506809614162669e-02 5.284405446213926716e+00 6.001806215891068774e+00 3.034079236875616425e-01 -2.904231434190333028e-01 -5.454371951817095221e-01
1.019999999999999929e+01 4.125000000000000194e-02 4.006081714485065781e-02 -4.973232136088421851e-01 -6.899251539024904567e-02 5.280431497735257551e+00 5.986843999787679671e+00 3.158755747215754583e-01 -2.761575362904436504e-01 -5.300583877116247233e-01
1.019726027397260459e+01 4.125000000000000194e-02 3.928832077912997045e-02 -4.976680709015186554e-01 -6.402348953360360861e-02 5.287125891539359301e+00 6.001374432130506698e+00 3.073384519165273665e-01 -2.888166693915341088e-01 -5.421920665996355915e-01
1.019452054794520635e+01 4.125000000000000194e-02 4.279353597179283430e-02 -5.053329448856783701e-01 -7.105842814662637064e-02 5.281724741982298355e+00 5.982920302422781944e+00 3.219407895912299589e-01 -2.713480396621289481e-01 -5.242278563524568336e-01
1.019178082191780810e+01 4.125000000000000194e-02 3.971509634556104340e-02 -5.017344635169691536e-01 -6.422520791076713476e-02 5.286169024015048734e+00 5.997504723418647821e+00 3.111149679804545709e-01 -2.852364224051985309e-01 -5.377532078003097737e-01
1.018630136986301160e+01 4.125000000000000194e-02 4.027312909689763354e-02 -5.008878991781146039e-01 -6.448636774061643206e-02 5.287458598845457658e+00 5.996457287091740973e+00 3.114804346730337681e-01 -2.839031822044515430e-01 -5.365979822073345673e-01
1.018356164383561513e+01 4.125000000000000194e-02 4.232187995965998317e-02 -5.080091086813791623e-01 -6.917654199659398206e-02 5.286535899226715074e+00 5.985206956623401631e+00 3.215298223070130468e-01 -2.724303900626669495e-01 -5.244986018071082778e-01
1.018082191780822043e+01 4.125000000000000194e-02 4.469931623775433988e-02 -5.086338552144862302e-01 -7.195287195010890979e-02 5.288336708567943134e+00 5.980273786077264120e+00 3.245497156440612097e-01 -2.652284984436948934e-01 -5.180218121277925247e-01
1.017808219178082219e+01 4.125000000000000194e-02 4.472597915584797940e-02 -5.094003951493067950e-01 -6.871480199841813186e-02 5.283857288756333759e+00 5.989528576110949132e+00 3.233326660656173357e-01 -2.725841176064722760e-01 -5.241566533659479665e-01
1.017534246575342394e+01 4.125000000000000194e-02 4.116166745008718875e-02 -5.194944589271164315e-01 -7.074169704338691134e-02 5.263005558070985579e+00 5.985502155985553685e+00 3.395693052702856152e-01 -2.631123613819140727e-01 -5.118323529983814790e-01
1.017260273972602747e+01 4.125000000000000194e-02 4.301271411629566110e-02 -5.192424783749305384e-01 -7.273285345622428066e-02 5.262650150509650793e+00 5.986781052396764835e+00 3.373667176078957719e-01 -2.621878633368051603e-01 -5.116499525729349962e-01
1.016712328767123275e+01 4.125000000000000194e-02 4.113012081686872462e-02 -5.192853718923508000e-01 -7.213044233219197132e-02 5.255244639082723879e+00 5.988983601772694954e+00 3.381354122339791934e-01 -2.642386080390557446e-01 -5.143432774577820776e-01
1.016438356164383627e+01 4.125000000000000194e-02 4.556909361490277949e-02 -5.059078035230982762e-01 -7.760011255700920152e-02 5.269046711607479949e+00 5.975959831669809930e+00 3.285785766077823911e-01 -2.506124386521816905e-01 -5.036958063592688051e-01
1.016164383561643803e+01 4.125000000000000194e-02 4.196360456975037345e-02 -4.988343152467790143e-01 -9.055444402382017977e-02 5.289757513542954648e+00 5.970117292168748868e+00 3.196749650924776143e-01 -2.297714309406691802e-01 -4.906762012328493294e-01
1.015890410958904155e+01 4.125000000000000194e-02 4.056115141275609681e-02 -4.858280517183850566e-01 -8.649371192118440743e-02 5.287011886660238247e+00 5.973284633103593144e+00 3.089322366983202062e-01 -2.304762971828715201e-01 -4.944962396314082631e-01
1.015616438356164331e+01 4.125000000000000194e-02 4.453738648350612228e-02 -5.096638528475654351e-01 -9.633501710487915592e-02 5.245127626430571510e+00 5.932581879695184135e+00 3.486842069465367899e-01 -1.964612843842768741e-01 -4.580839805344486537e-01
1.015342465753424861e+01 4.125000000000000194e-02 4.561166060356636881e-02 -5.100928402073718892e-01 -9.179946522428199251e-02 5.240314277389108710e+00 5.931210528384136538e+00 3.529651917212370815e-01 -1.958083263811533081e-01 -4.554855468318661504e-01
1.014794520547945211e+01 4.125000000000000194e-02 4.638126579770017466e-02 -4.965629096921262975e-01 -1.003326054107704368e-01 5.257774207629972274e+00 5.909248589514954020e+00 3.448922621460719373e-01 -1.745750928946398772e-01 -4.366993003080443247e-01
1.014520547945205564e+01 4.125000000000000194e-02 4.883016545771236283e-02 -4.881146781671624191e-01 -1.215621370755008285e-01 5.272969834109398235e+00 5.835331392312503418e+00 3.579789198793542071e-01 -1.041181234309695169e-01 -3.751479317952373105e-01
1.014246575342465562e+01 4.125000000000000194e-02 5.152911336090190003e-02 -4.906540716573802863e-01 -1.283747754515281170e-01 5.287241421802827190e+00 5.816936378688070342e+00 3.616361981101376966e-01 -8.149726903490905894e-02 -3.580254622977001588e-01
1.013972602739725914e+01 4.125000000000000194e-02 4.559708368840034026e-02 -4.691901133059138140e-01 -1.059680620265911338e-01 5.319928518934844419e+00 5.898336135664066227e+00 3.032753559848758718e-01 -1.546067131957352958e-01 -4.302117129328064116e-01
1.013698630136986445e+01 4.125000000000000194e-02 4.458160747445689964e-02 -4.635227421620199961e-01 -1.029863427593949721e-01 5.311069418080257343e+00 5.889427429009243653e+00 3.048650837119903922e-01 -1.495610352007237520e-01 -4.256943544975694271e-01
1.013424657534246620e+01 4.125000000000000194e-02 4.368306441103482485e-02 -4.591530794047984365e-01 -1.004473766849109939e-01 5.300901559834085397e+00 5.877567471111220243e+00 3.091254910123574784e-01 -1.415917363006772012e-01 -4.174686644952079750e-01
1.012876712328767148e+01 4.125000000000000194e-02 4.710511926853946929e-02 -4.592994728425604523e-01 -9.980840358918798005e-02 5.288858880403534357e+00 5.859249358516144035e+00 3.203369438744434472e-01 -1.262769448113712223e-01 -4.020806998949700284e-01
1.012602739726027146e+01 4.125000000000000194e-02 4.176555087598856492e-02 -4.515743687618594682e-01 -9.097451128129624420e-02 5.319414878001293978e+00 5.929688974615030084e+00 2.777885298598024577e-01 -1.853549271538631193e-01 -4.608257612507570267e-01
1.012328767123287676e+01 4.125000000000000194e-02 4.481977111617142795e-02 -4.493076676142178649e-01 -8.714322528052724504e-02 5.313666891111823887e+00 5.919084890071432348e+00 2.842000592872022668e-01 -1.756923829193077768e-01 -4.502366788887305349e-01
1.012054794520548029e+01 4.125000000000000194e-02 4.486561390492603552e-02 -4.505045335508197080e-01 -8.838686997382655397e-02 5.289642579674949552e+00 5.889596066128055085e+00 3.007832875075355794e-01 -1.527107507893172844e-01 -4.263587185907803390e-01
1.011780821917808204e+01 4.125000000000000194e-02 4.644816838869395698e-02 -4.565033962475678053e-01 -9.222784715351742268e-02 5.276594240338704722e+00 5.867510436043559707e+00 3.168728792287252571e-01 -1.328759899527668098e-01 -4.055639163829872773e-01
1.011506849315068557e+01 4.125000000000000194e-02 4.675303737512385288e-02 -4.596228875396973224e-01 -9.459765691849171543e-02 5.267831623049580081e+00 5.852887193858959947e+00 3.266841401213037011e-01 -1.201932987733362324e-01 -3.923118543694523175e-01
1.010684931506849260e+01 4.125000000000000194e-02 4.926254762929598713e-02 -4.633353115894013885e-01 -9.729343738918364015e-02 5.252783621158631178e+00 5.823531359818223230e+00 3.441668139535666304e-01 -9.538847654767790285e-02 -3.669055094766823233e-01
1.010410958904109613e+01 4.125000000000000194e-02 4.504682530519350803e-02 -4.589630777519440596e-01 -9.357162659604317811e-02 5.266256461093341557e+00 5.850399201371860869e+00 3.267271583976216753e-01 -1.177692046425554834e-01 -3.899761282248079275e-01
1.010136986301369788e+01 4.125000000000000194e-02 4.575224454534363577e-02 -4.505968395495261736e-01 -8.626264974901297344e-02 5.265475545171724114e+00 5.854517376762640168e+00 3.211048341693827912e-01 -1.229834998118899819e-01 -3.948009374378661507e-01
1.009863013698629963e+01 4.125000000000000194e-02 4.790695633743502491e-02 -4.542883787834263165e-01 -8.960327590183256308e-02 5.249614635230335224e+00 5.827437015872042991e+00 3.376380536658716291e-01 -9.989070960376798813e-02 -3.719092713981428378e-01
1.009589041095890316e+01 4.125000000000000194e-02 5.133253887564030726e-02 -4.653843582172869087e-01 -9.812922537731354200e-02 5.244079173873781308e+00 5.796117205433555242e+00 3.585557467043272162e-01 -7.043360060979497739e-02 -3.433133734077111754e-01
1.009041095890411022e+01 4.125000000000000194e-02 5.139864350005017568e-02 -4.655758326171033912e-01 -9.673053744522791542e-02 5.259784553603232382e+00 5.807533996750738226e+00 3.516975348190022332e-01 -7.822960421497779371e-02 -3.517151014228266925e-01
1.008767123287671197e+01 4.125000000000000194e-02 4.824128148452172526e-02 -4.726040072383518309e-01 -1.018564923425214347e-01 5.276019650287212315e+00 5.827451767553299966e+00 3.447137244710384851e-01 -9.070734279141998146e-02 -3.645529638219301427e-01
1.008493150684931550e+01 4.125000000000000194e-02 4.791911817715298338e-02 -4.777500691037867009e-01 -1.049225918601417312e-01 5.283140108714456495e+00 5.836800933000767522e+00 3.435967515465906397e-01 -9.415287710086119033e-02 -3.686001676876667354e-01
1.008219178082191547e+01 4.125000000000000194e-02 5.306646451448948643e-02 -4.858428863955112087e-01 -1.131341130222705688e-01 5.265689856354166309e+00 5.789673339312253475e+00 3.704329277503074502e-01 -5.044649868176770413e-02 -3.269321355439660515e-01
1.007945205479452078e+01 4.125000000000000194e-02 5.371613179148514161e-02 -4.948979881892093258e-01 -1.287957728218208087e-01 5.280572395519632423e+00 5.769435533638765712e+00 3.829964796333622523e-01 -2.375285077689225435e-02 -3.025085737101242400e-01
1.007671232876712430e+01 4.125000000000000194e-02 5.355511315921206855e-02 -4.944816036383537505e-01 -1.275122378984656357e-01 5.296420438245087681e+00 5.775508332529936339e+00 3.777895200814373466e-01 -2.861334486666239699e-02 -3.076926393915397906e-01
1.007123287671232958e+01 4.125000000000000194e-02 5.342430701629879292e-02 -4.861944155535125600e-01 -1.283139801254404855e-01 5.315667279797018807e+00 5.777621423055267158e+00 3.648088729608842673e-01 -2.529246078024892375e-02 -3.101086287678904707e-01
1.006849315068493134e+01 4.125000000000000194e-02 5.326606946409116750e-02 -5.104755985543312224e-01 -1.450703951002338676e-01 5.336720970884063497e+00 5.775999678219882583e+00 3.773208273853416728e-01 -1.598037263956669438e-02 -3.015668643126491744e-01
1.006575342465753664e+01 4.125000000000000194e-02 5.280825084110456896e-02 -5.040680490559199534e-01 -1.351715702228237781e-01 5.372845860910583582e+00 5.827975644955861512e+00 3.448670159499956367e-01 -5.775532915025569092e-02 -3.439913387766531661e-01
1.006301369863013662e+01 4.125000000000000194e-02 4.854471402923191820e-02 -4.900759408161179942e-01 -1.209271429590424302e-01 5.379307880898354988e+00 5.856804694611060569e+00 3.210483254071694881e-01 -8.453878181816253112e-02 -3.708894876984372146e-01
1.006027397260274014e+01 4.125000000000000194e-02 4.719914052774216995e-02 -4.835680117546066192e-01 -1.137885674967719779e-01 5.392917091601369783e+00 5.882823119999802230e+00 3.044677938824648655e-01 -1.056825608742873457e-01 -3.921180242018803552e-01
1.005753424657534190e+01 4.125000000000000194e-02 5.067874217462298159e-02 -4.930582465796017333e-01 -1.213263683201742799e-01 5.383301935422230677e+00 5.844366280165324667e+00 3.284506812149966537e-01 -7.089494501198431720e-02 -3.582724694367935836e-01
1.005205479452054718e+01 4.125000000000000194e-02 4.811250755563221959e-02 -4.857329137517669704e-01 -1.143588592788135488e-01 5.385839855331379766e+00 5.856140099403540411e+00 3.182139481153331007e-01 -8.231934118705228065e-02 -3.695232462569709719e-01
1.004931506849315070e+01 4.125000000000000194e-02 5.103529550230381101e-02 -4.963108841472566035e-01 -1.227797039700319892e-01 5.392127771860168117e+00 5.837153104495734546e+00 3.336319172900291119e-01 -6.238992387349653890e-02 -3.504559112816552080e-01
1.004657534246575423e+01 4.125000000000000194e-02 5.124218705535799750e-02 -4.959916270176191189e-01 -1.214201526464755571e-01 5.399621951702058276e+00 5.842200666781574014e+00 3.306034745367065208e-01 -6.570651519392972650e-02 -3.540931165085401400e-01
1.004383561643835598e+01 4.125000000000000194e-02 5.122867381888923655e-02 -5.128596927797525185e-01 -1.355155979892516682e-01 5.412391981695996002e+00 5.837785078867669064e+00 3.428740762074288795e-01 -5.447446624597163112e-02 -3.437895313468705694e-01
1.004109589041095951e+01 4.125000000000000194e-02 5.071843856726085398e-02 -5.244217047443887614e-01 -1.455982006346188129e-01 5.419868325280169152e+00 5.839806804235942117e+00 3.479242955107277324e-01 -5.238484041507832090e-02 -3.419383192052330434e-01
1.003835616438355949e+01 4.125000000000000194e-02 5.041709169946684971e-02 -5.334693830152367200e-01 -1.521700321523264121e-01 5.433730575230360849e+00 5.847044118764114451e+00 3.487696907509654221e-01 -5.370670551436412116e-02 -3.440870701837936974e-01
1.003287671232876832e+01 4.125000000000000194e-02 5.052701469192506095e-02 -5.403707985375322265e-01 -1.568626200518562219e-01 5.446283356921989949e+00 5.854908623882655760e+00 3.479965186705703539e-01 -5.687224799162451244e-02 -3.478714502852762180e-01
1.003013698630137007e+01 4.125000000000000194e-02 5.564781143886374237e-02 -5.430835627997954163e-01 -1.575805310999957576e-01 5.440691913443436611e+00 5.838591175886227447e+00 3.583760046648776232e-01 -4.102183189788887602e-02 -3.324176521173613508e-01
1.002739726027397182e+01 4.125000000000000194e-02 5.271203273107985532e-02 -5.462674078734487404e-01 -1.578107258153093051e-01 5.453764843974276744e+00 5.865867280877172796e+00 3.461934705824805114e-01 -6.150236352764191367e-02 -3.525938969678287793e-01
1.002465753424657535e+01 4.125000000000000194e-02 5.187515382277931714e-02 -5.458941343417723635e-01 -1.560297753811355215e-01 5.463872730419114809e+00 5.874427058944131197e+00 3.412555863225819608e-01 -6.759577882968395568e-02 -3.590596792083970978e-01
1.002191780821918066e+01 4.125000000000000194e-02 4.415448105810019369e-02 -4.960951122357210585e-01 -1.077784023818191272e-01 5.500616021067184391e+00 5.960182227483166173e+00 2.652070831556399555e-01 -1.505746474057778617e-01 -4.414910097570890479e-01
1.001369863013698591e+01 4.125000000000000194e-02 4.629332089182041504e-02 -5.037710461532186601e-01 -1.125077255083351269e-01 5.483266306495927722e+00 5.928285905235203046e+00 2.871968992458580061e-01 -1.225761607115732899e-01 -4.116723498487342425e-01
1.001095890410958944e+01 4.125000000000000194e-02 4.728314246590696601e-02 -5.027812251536083465e-01 -1.115179044995291968e-01 5.484256124987448189e+00 5.929275724504807776e+00 2.862070778676278349e-01 -1.235659821179713042e-01 -4.126621710281054289e-01
1.000821917808219119e+01 4.125000000000000194e-02 4.488827720702213975e-02 -4.995362834188883383e-01 -1.064641675082036026e-01 5.509885980667306171e+00 5.971677419152576327e+00 2.608356009157647426e-01 -1.575991407642381992e-01 -4.466996726344998336e-01
1.000547945205479650e+01 4.125000000000000194e-02 4.100838723596970936e-02 -4.972102933759492416e-01 -1.051127726771811932e-01 5.522927004294094999e+00 6.017611298070437265e+00 2.410016769315446450e-01 -1.901347571971089834e-01 -4.819014340873892799e-01
1.000273972602739647e+01 4.125000000000000194e-02 4.570220237400174357e-02 -5.166615133556737849e-01 -1.182715532048390639e-01 5.503024285033468743e+00 5.987086227894021562e+00 2.695086181400811465e-01 -1.593326943209351643e-01 -4.499280814498162195e-01
1.000000000000000000e+01 4.125000000000000194e-02 4.560717431717765252e-02 -5.199837556344643064e-01 -1.203905908582374867e-01 5.500146016689702932e+00 5.979098084167691951e+00 2.760536512661826425e-01 -1.508647004949209558e-01 -4.408761912768607849e-01
9.994520547945203504e+00 4.125000000000000194e-02 4.721385252557249584e-02 -5.315071089504054269e-01 -1.294813378914428104e-01 5.490515262621269876e+00 5.942562102543116787e+00 3.023704325454426023e-01 -1.154294700957302910e-01 -4.054682637770966602e-01
9.991780821917808808e+00 4.125000000000000194e-02 4.753301957532946737e-02 -5.330691468591423066e-01 -1.308647603067384646e-01 5.484996760746702726e+00 5.930095460095701654e+00 3.086213959772301507e-01 -1.056758695822516553e-01 -3.958084026642244568e-01
9.989041095890410560e+00 4.125000000000000194e-02 4.596927241986122764e-02 -5.270966047543149680e-01 -1.244226182515950213e-01 5.497627211061163699e+00 5.960204031980643968e+00 2.891016920389508638e-01 -1.315159373312252689e-01 -4.212239386824451759e-01
9.986301369863014088e+00 4.125000000000000194e-02 4.730025725076227039e-02 -5.270380579684110778e-01 -1.235148878906950909e-01 5.509210378673570219e+00 5.967954658220585351e+00 2.846667314429014439e-01 -1.367468080735007863e-01 -4.267615810694845302e-01
9.983561643835615840e+00 4.125000000000000194e-02 4.541426569972155380e-02 -5.254656286287318068e-01 -1.213548706333423405e-01 5.518316347367695940e+00 5.985723284466162752e+00 2.741794402874754844e-01 -1.510698092950250315e-01 -4.409978745261238786e-01
9.980821917808219368e+00 4.125000000000000194e-02 4.892930752507491238e-02 -5.326162408461035946e-01 -1.262211187747086794e-01 5.520459908307385533e+00 5.966954712945532258e+00 2.880136534228242562e-01 -1.313078224816656703e-01 -4.217256403716791446e-01
9.975342465753424648e+00 4.125000000000000194e-02 4.901159980414079853e-02 -5.433749183692280216e-01 -1.332829487516048184e-01 5.549677290753338710e+00 5.977437974572636037e+00 2.882156906664479767e-01 -1.321989514612331162e-01 -4.242633153174473204e-01
9.972602739726028176e+00 4.125000000000000194e-02 4.679263039061257873e-02 -5.386601775417058091e-01 -1.280067191096954105e-01 5.558069826242555855e+00 5.995006409564680894e+00 2.760675535887067156e-01 -1.470790494246497215e-01 -4.391617374329075951e-01
9.969863013698629928e+00 4.125000000000000194e-02 4.444260681754359094e-02 -5.472731599674465208e-01 -1.350041432059285451e-01 5.550927954182536261e+00 5.981382402213254679e+00 2.896132458496921136e-01 -1.296615507363090281e-01 -4.222642012762898855e-01
9.967123287671231679e+00 4.125000000000000194e-02 4.396968032549634919e-02 -5.506604783228323807e-01 -1.363245074495338383e-01 5.549726409008566286e+00 5.979580549803513279e+00 2.948265701983664999e-01 -1.257913119896119647e-01 -4.136981429936143484e-01
9.964383561643835208e+00 4.125000000000000194e-02 4.338593457349734783e-02 -5.600560208392100225e-01 -1.394477463473128565e-01 5.546960355522033481e+00 5.975006094017969005e+00 3.098548702754845285e-01 -1.149143948381490393e-01 -3.881087100980757931e-01
9.961643835616440512e+00 4.125000000000000194e-02 4.378976478355397356e-02 -5.647229510131476227e-01 -1.405176360584498296e-01 5.546097131008972170e+00 5.973098570604102875e+00 3.177018108509334637e-01 -1.094066264519616277e-01 -3.744199449845653782e-01
9.956164383561644016e+00 4.125000000000000194e-02 4.419838768370377285e-02 -5.664445994961094799e-01 -1.407295456345084850e-01 5.545972168029162042e+00 5.972534489388199752e+00 3.207529072251119606e-01 -1.073329973543399596e-01 -3.689376684359105263e-01
9.953424657534245767e+00 4.125000000000000194e-02 4.439214906490315110e-02 -5.671654179039116173e-01 -1.408039367155178301e-01 5.545935260168847414e+00 5.972308560194153237e+00 3.220363412888663790e-01 -1.064626391905005159e-01 -3.666399052046043772e-01
9.950684931506849296e+00 4.125000000000000194e-02 4.428999083429255301e-02 -5.690001690981811855e-01 -1.414120277459330333e-01 5.545397996732197576e+00 5.971413812028317558e+00 3.249467222266265720e-01 -1.043427157117229748e-01 -3.617718397647938233e-01
9.947945205479452824e+00 4.125000000000000194e-02 4.370625274731677889e-02 -5.717324769653217009e-01 -1.426215110643494488e-01 5.544276197091118519e+00 5.969849180919847065e+00 3.290208991112358317e-01 -1.012552405106520170e-01 -3.552402082140409534e-01
9.945205479452056352e+00 4.125000000000000194e-02 4.423019615180898839e-02 -5.741884484084124329e-01 -1.429657451810089630e-01 5.544053602154009219e+00 5.969012281401519182e+00 3.333357189525968933e-01 -9.830705669264253044e-02 -3.475281231255903380e-01
9.942465753424658104e+00 4.125000000000000194e-02 4.489067510781004355e-02 -5.735279696762094481e-01 -1.423052664378637033e-01 5.544714078769532151e+00 5.969672752818740769e+00 3.326752401707857021e-01 -9.896753536071394020e-02 -3.481886014374717675e-01
9.936986301369863384e+00 4.125000000000000194e-02 4.514019483689708789e-02 -5.732784500660405014e-01 -1.420557468218805464e-01 5.544963597254978893e+00 5.969922268542006805e+00 3.324257205342568411e-01 -9.921705493680565979e-02 -3.484381208242973149e-01
9.934246575342463359e+00 4.125000000000000194e-02 4.538971456598413223e-02 -5.730289304558715546e-01 -1.418062272058973894e-01 5.545213115740425636e+00 5.970171784265272841e+00 3.321762008977279801e-01 -9.946657451289737939e-02 -3.486876402111228623e-01
9.931506849315068663e+00 4.125000000000000194e-02 4.445455816717231584e-02 -5.739640866122984741e-01 -1.427413833741751348e-01 5.544277961876479033e+00 5.969236636031370224e+00 3.331113571078829216e-01 -9.853141842592894051e-02 -3.477524845099266848e-01
9.928767123287670415e+00 4.125000000000000194e-02 4.429577188798766718e-02 -5.741228727724647651e-01 -1.429001695401603267e-01 5.544119176841987517e+00 5.969077853761396213e+00 3.332701432944307207e-01 -9.837263229986917268e-02 -3.475936985732933082e-01
9.926027397260273943e+00 4.125000000000000194e-02 4.411233004470412056e-02 -5.749165193099154969e-01 -1.432619364622793601e-01 5.543782367331481886e+00 5.968615112083799801e+00 3.344421646026284334e-01 -9.747865138679102925e-02 -3.457330460728302857e-01
9.923287671232875695e+00 4.125000000000000194e-02 4.458249064557685132e-02 -5.760708787181256785e-01 -1.432674665323154517e-01 5.543843363972967175e+00 5.968340530143460221e+00 3.365985644576332536e-01 -9.605813988387246205e-02 -3.417658879264376393e-01
9.917808219178084528e+00 4.125000000000000194e-02 4.433297091648981392e-02 -5.763203983282946252e-01 -1.435169861482986087e-01 5.543593845487520433e+00 5.968091014420194185e+00 3.368480840941621146e-01 -9.580862030778074245e-02 -3.415163685396120918e-01
9.915068493150684503e+00 4.125000000000000194e-02 4.499344987249087602e-02 -5.756599195960916404e-01 -1.428565074051533490e-01 5.544254322103043364e+00 5.968751485837415771e+00 3.361876053123509234e-01 -9.646909897585213833e-02 -3.421768468514935213e-01
9.912328767123288031e+00 4.125000000000000194e-02 4.574902283554818649e-02 -5.749043468586416683e-01 -1.421009346566732556e-01 5.545009892706693755e+00 5.969507051200730885e+00 3.354320325248922874e-01 -9.722467164865113143e-02 -3.429324191652220466e-01
9.909589041095889783e+00 4.125000000000000194e-02 4.549950310646114215e-02 -5.751538664688106151e-01 -1.423504542726564126e-01 5.544760374221247012e+00 5.969257535477464849e+00 3.356815521614211484e-01 -9.697515207255941183e-02 -3.426828997783964992e-01
9.906849315068491535e+00 4.125000000000000194e-02 4.568230707171841432e-02 -5.749710626225336130e-01 -1.421676504205622027e-01 5.544943176942210172e+00 5.969440335434808453e+00 3.354987482887705763e-01 -9.715795588474135380e-02 -3.428657034012133065e-01
9.904109589041096839e+00 4.125000000000000194e-02 4.596007758427724660e-02 -5.746932922949558042e-01 -1.418898800839404895e-01 5.545220945520240363e+00 5.969718099716162740e+00 3.352209779201895112e-01 -9.743572615931038461e-02 -3.431434733813721882e-01
9.895890410958903871e+00 4.125000000000000194e-02 4.620959731336428400e-02 -5.744437726847868575e-01 -1.416403604679573325e-01 5.545470464005687106e+00 5.969967615439428776e+00 3.349714582836606502e-01 -9.768524573540210421e-02 -3.433929927681977357e-01
9.893150684931507399e+00 4.125000000000000194e-02 4.678702795649879870e-02 -5.738663422630491118e-01 -1.410629300353944404e-01 5.546047892333458407e+00 5.970545038624679890e+00 3.343940278128469390e-01 -9.826267609369666867e-02 -3.439704227741245957e-01
9.890410958904109151e+00 4.125000000000000194e-02 5.102923977726289001e-02 -5.657215510171580419e-01 -1.320138356759805176e-01 5.572662172653032542e+00 6.007019419983921971e+00 3.093358093243683826e-01 -1.300330769216497817e-01 -3.757136985030050669e-01
9.887671232876712679e+00 4.125000000000000194e-02 4.944801271695703493e-02 -5.593097581902843896e-01 -1.244002745644240127e-01 5.585890159734114846e+00 6.022165379163413768e+00 2.969801154352421091e-01 -1.430156299540424614e-01 -3.890700676762094967e-01
9.884931506849314431e+00 4.125000000000000194e-02 4.638642730188370644e-02 -5.756330113513924429e-01 -1.397691263327764943e-01 5.581413872656662001e+00 6.003894157786106689e+00 3.176704375713146900e-01 -1.202789270782152475e-01 -3.665604183791362769e-01
9.876712328767123239e+00 4.125000000000000194e-02 4.672879317931542820e-02 -5.737632084315823500e-01 -1.362489225616753952e-01 5.593559616748144059e+00 6.042976616435441706e+00 3.011464539077707281e-01 -1.479009498343863416e-01 -3.938670368078949213e-01
9.873972602739728543e+00 4.125000000000000194e-02 4.482609639924476502e-02 -5.625685537784881340e-01 -1.246023906735698877e-01 5.609166311287256512e+00 6.083134776016658307e+00 2.725087656246803491e-01 -1.839557802988577850e-01 -4.294444361704323199e-01
9.871232876712328519e+00 4.125000000000000194e-02 4.521747571782179509e-02 -5.678513406493916893e-01 -1.276247126521059261e-01 5.629762485783444959e+00 6.099897802230449528e+00 2.661814514514185270e-01 -1.935772899210130849e-01 -4.397958843976161880e-01
9.868493150684932047e+00 4.125000000000000194e-02 4.611618626907233037e-02 -5.692083694119123294e-01 -1.289421142413991472e-01 5.622906116592049308e+00 6.088577530808904292e+00 2.729730104965400472e-01 -1.840666204933483763e-01 -4.303819489521737429e-01
9.865753424657533799e+00 4.125000000000000194e-02 4.216958847458508047e-02 -5.465774861513460481e-01 -1.066457168396498234e-01 5.645567814517572280e+00 6.141593245998797634e+00 2.301824575058371847e-01 -2.336841023258836025e-01 -4.794896370135292019e-01
9.860273972602740855e+00 4.125000000000000194e-02 4.501205075301654285e-02 -5.512913270004418109e-01 -1.099070399035046858e-01 5.644159524980451259e+00 6.123137300105813807e+00 2.422807716945705458e-01 -2.152948806702925932e-01 -4.617734268375735529e-01
9.857534246575344383e+00 4.125000000000000194e-02 4.369124915133856119e-02 -5.491335549881022349e-01 -1.071575551044651464e-01 5.653890216801849888e+00 6.141532842746820542e+00 2.311703903385407544e-01 -2.302444731836963965e-01 -4.766370946377330164e-01
9.854794520547944359e+00 4.125000000000000194e-02 4.236872089459788049e-02 -5.499491335989450391e-01 -1.089814593695278139e-01 5.647691347936303785e+00 6.132221384097872985e+00 2.359634686996022468e-01 -2.227983505087350879e-01 -4.697300800547715705e-01
9.852054794520547887e+00 4.125000000000000194e-02 4.131768348582718492e-02 -5.465569964760471633e-01 -1.064467674993279100e-01 5.655617099091747590e+00 6.160691779051762573e+00 2.222347728245817611e-01 -2.427846350168262057e-01 -4.906946404159538422e-01
9.849315068493151415e+00 4.125000000000000194e-02 4.026473671057094472e-02 -5.424145087835872125e-01 -1.034879592124819114e-01 5.659628907784559182e+00 6.189634080174131192e+00 2.082874544397720906e-01 -2.637823393393761151e-01 -5.133638174462616943e-01
9.846575342465751390e+00 4.125000000000000194e-02 4.394234873428945476e-02 -5.539038906298412446e-01 -1.081698031812209498e-01 5.634110248036391155e+00 6.161088711057090883e+00 2.333222401135632840e-01 -2.376820365523627243e-01 -4.858778920094490861e-01
9.838356164383561975e+00 4.125000000000000194e-02 4.395497214578989592e-02 -5.562983119078810379e-01 -1.098604906668155523e-01 5.638972055449468002e+00 6.163608012226790223e+00 2.329947130036644498e-01 -2.385131879240621755e-01 -4.869230907517540508e-01
9.835616438356163727e+00 4.125000000000000194e-02 4.329449319741076468e-02 -5.569587903189968658e-01 -1.105209690865306543e-01 5.638311579383981531e+00 6.162947535433628055e+00 2.336551917688741709e-01 -2.378527091325095544e-01 -4.862626121725223127e-01
9.832876712328767255e+00 4.125000000000000194e-02 4.068779333408338583e-02 -5.548128050874246986e-01 -1.045430823029615403e-01 5.663894340831202356e+00 6.223902217357107247e+00 2.031793092162476333e-01 -2.849276875485308724e-01 -5.320492693140150831e-01
9.830136986301367230e+00 4.125000000000000194e-02 4.416680248106418655e-02 -5.523874089117386532e-01 -1.063373627318887488e-01 5.670448722750975001e+00 6.222010819073495291e+00 2.015613825999050535e-01 -2.803424085763361329e-01 -5.290324820789557014e-01
9.827397260273972535e+00 4.125000000000000194e-02 4.113230097218404518e-02 -5.558576757736320983e-01 -1.125110612077346861e-01 5.655759868806250701e+00 6.201761061719634149e+00 2.121771763059449867e-01 -2.640833428174096942e-01 -5.153274624823220851e-01
9.821917808219177815e+00 4.125000000000000194e-02 4.374136824361254949e-02 -5.597880667157597578e-01 -1.141095850530220307e-01 5.645213169040045109e+00 6.185806647451856932e+00 2.245175468729079526e-01 -2.493124371650191629e-01 -5.007533487527174865e-01
9.819178082191779566e+00 4.125000000000000194e-02 4.308088929523341826e-02 -5.604485451268755858e-01 -1.147700634727371327e-01 5.644552692974558639e+00 6.185146170658694764e+00 2.251780256381176737e-01 -2.486519583734665417e-01 -5.000928701734862480e-01
9.816438356164384871e+00 4.125000000000000194e-02 4.365089319530307543e-02 -5.644887605276509568e-01 -1.168901025632479301e-01 5.660947279041169899e+00 6.197128403802454777e+00 2.198566281105229225e-01 -2.559437622678729651e-01 -5.079313316640857723e-01
9.813698630136988399e+00 4.125000000000000194e-02 4.023685502799310282e-02 -5.627578237224233337e-01 -1.170017017860575520e-01 5.675750652587602474e+00 6.225732000573479752e+00 2.048592947332688596e-01 -2.747502090538631037e-01 -5.280013916775058158e-01
9.810958904109588374e+00 4.125000000000000194e-02 4.220055007356224297e-02 -5.596997025788837954e-01 -1.160609908139926677e-01 5.674412164648550139e+00 6.220941593473519937e+00 2.065419348284857626e-01 -2.682538634298052838e-01 -5.228670754907639440e-01
