2.081643835616438309e+01 4.000000000000000083e-02 2.242399999999999949e-02 2.331466068049850016e-01 2.343976174478507590e-01 5.206104534476872381e+00 5.236165379984039525e+00 8.026319580774288198e-02 7.056109332536943113e-02 -2.287307619707819040e-01
2.081369863013698662e+01 4.000000000000000083e-02 2.176352104270610349e-02 2.324861280081429171e-01 2.337371386178779820e-01 5.205444059521232347e+00 5.235504903246502195e+00 8.092367450742704582e-02 7.122157209356276553e-02 -2.280702837926021354e-01
2.081095890410959015e+01 4.000000000000000083e-02 2.130991578399696329e-02 2.305749686263963427e-01 2.329234094254939436e-01 5.209235376038809484e+00 5.238320240621712642e+00 7.672007977034173143e-02 6.837097630644740909e-02 -2.323487956214682626e-01
2.080547945205479721e+01 4.000000000000000083e-02 2.135930453392025780e-02 2.287317126058958372e-01 2.324589256214015798e-01 5.214891097988345159e+00 5.242690837720028973e+00 7.064642707956286793e-02 6.404658684136381452e-02 -2.385929928210098472e-01
2.080273972602740074e+01 4.000000000000000083e-02 2.177155954732183651e-02 2.279266331472142859e-01 2.325664544863876304e-01 5.219085676224973547e+00 5.245985413136065034e+00 6.606645555791931801e-02 6.071980208259687706e-02 -2.432433185826188282e-01
2.080000000000000071e+01 4.000000000000000083e-02 2.152203981754779658e-02 2.276771135026984250e-01 2.323169348242676291e-01 5.218836158621528831e+00 5.245735894585792813e+00 6.631597515080901728e-02 6.096932171188985256e-02 -2.429937992668373126e-01
2.079726027397260424e+01 4.000000000000000083e-02 2.130989632426089769e-02 2.266482496696543281e-01 2.318443422498846773e-01 5.221210491421347299e+00 5.247499126384695955e+00 6.385651487263988013e-02 5.931187346546865774e-02 -2.456046271505648582e-01
2.079452054794520421e+01 4.000000000000000083e-02 2.203541570617431611e-02 2.273737688909320820e-01 2.325698615043310102e-01 5.221936006797028185e+00 5.248224643544310730e+00 6.313099574863108299e-02 5.858635427287232217e-02 -2.463301457524723903e-01
2.079178082191780774e+01 4.000000000000000083e-02 2.231318621980171724e-02 2.276515392719370978e-01 2.328476319127203709e-01 5.222213774003065190e+00 5.248502412223180258e+00 6.285322544793237043e-02 5.830858391554703812e-02 -2.466079156221190893e-01
2.078630136986301125e+01 4.000000000000000083e-02 2.256270594957575717e-02 2.279010589164529588e-01 2.330971515748403999e-01 5.222463291606509905e+00 5.248751930773452479e+00 6.260370585504267116e-02 5.805906428625406263e-02 -2.468574349379006050e-01
2.078356164383561122e+01 4.000000000000000083e-02 2.281222567934979711e-02 2.281505785609688197e-01 2.333466712369604013e-01 5.222712809209954621e+00 5.249001449323724700e+00 6.235418626215304821e-02 5.780954465696109407e-02 -2.471069542536821484e-01
2.078082191780821830e+01 4.000000000000000083e-02 2.306174540912383705e-02 2.284000982054846807e-01 2.335961908990804026e-01 5.222962326813399336e+00 5.249250967873996920e+00 6.210466666926347384e-02 5.756002502766812551e-02 -2.473564735694636918e-01
2.077808219178082538e+01 4.000000000000000083e-02 2.277793196082631214e-02 2.281162848445381641e-01 2.333123775200972860e-01 5.222678515543618616e+00 5.248967155634146842e+00 6.238847997731676587e-02 5.784383837301829145e-02 -2.470726605453199276e-01
2.077534246575342536e+01 4.000000000000000083e-02 2.343841091812021160e-02 2.287767636413802486e-01 2.339728563500700631e-01 5.223338990499259538e+00 5.249627632371684172e+00 6.172800127763268530e-02 5.718335960482501951e-02 -2.477331387234996962e-01
2.077260273972602889e+01 4.000000000000000083e-02 2.265568634133691486e-02 2.279940392264565296e-01 2.331901319017251339e-01 5.222556269959236275e+00 5.248844910034134337e+00 6.251072559454588784e-02 5.796608399084850899e-02 -2.469504149326666176e-01
2.076438356164383947e+01 4.000000000000000083e-02 2.293345685496431252e-02 2.282718096074615455e-01 2.334679023101144946e-01 5.222834037165273280e+00 5.249122678713003864e+00 6.223295529384720998e-02 5.768831363352322494e-02 -2.472281848023133166e-01
2.076164383561643945e+01 4.000000000000000083e-02 2.378001704936651139e-02 2.291183696388668922e-01 2.343144623751761135e-01 5.223680593294557362e+00 5.249969236652435534e+00 6.138639536114067624e-02 5.684175363122083435e-02 -2.480747442052444462e-01
2.075890410958903942e+01 4.000000000000000083e-02 2.353049731959247146e-02 2.288688499943510313e-01 2.340649427130561122e-01 5.223431075691112646e+00 5.249719718102163313e+00 6.163591495403029918e-02 5.709127326051380985e-02 -2.478252248894629306e-01
2.075616438356164295e+01 4.000000000000000083e-02 2.301702116389511485e-02 2.283553739404549088e-01 2.335514666381398041e-01 5.222917602074329757e+00 5.249206243354826995e+00 6.214939094628298827e-02 5.760474929623330548e-02 -2.473117492280869634e-01
2.075342465753424648e+01 4.000000000000000083e-02 2.264211255084763730e-02 2.279804654164231947e-01 2.331765580957279316e-01 5.222542695681317682e+00 5.248831335973262568e+00 6.252429941641332589e-02 5.797965780437137895e-02 -2.469368410472770337e-01
2.074520547945205351e+01 4.000000000000000083e-02 2.250934872097961476e-02 2.278477016714600401e-01 2.330437943332333561e-01 5.222409933968960694e+00 5.248698573318005600e+00 6.265706310996448092e-02 5.811242153417495171e-02 -2.468040776296847871e-01
2.074246575342465704e+01 4.000000000000000083e-02 2.264211255084763730e-02 2.279804654164231670e-01 2.331765580957279316e-01 5.222542695681317682e+00 5.248831335973262568e+00 6.252429941641328426e-02 5.797965780437137895e-02 -2.469368410472770614e-01
2.073972602739726057e+01 4.000000000000000083e-02 2.330259150814153329e-02 2.286409442132652514e-01 2.338370369257007086e-01 5.223203170636958603e+00 5.249491812710799898e+00 6.186382071672920369e-02 5.731917903617810700e-02 -2.475973192254568300e-01
2.073698630136986409e+01 4.000000000000000083e-02 2.305307177836749336e-02 2.283914245687493905e-01 2.335875172635806796e-01 5.222953653033513888e+00 5.249242294160527678e+00 6.211334030961884051e-02 5.756869866547107556e-02 -2.473477999096752866e-01
2.073424657534246407e+01 4.000000000000000083e-02 2.318644067580186846e-02 2.285247933817564081e-01 2.337208860940203359e-01 5.223087019825339183e+00 5.249375661889960298e+00 6.197997154773486617e-02 5.743532986753855513e-02 -2.474811683971518961e-01
2.072876712328767113e+01 4.000000000000000083e-02 2.265360240870078340e-02 2.279919552692541984e-01 2.331880479495960223e-01 5.222554185413910588e+00 5.248842825761638409e+00 6.251280956662345900e-02 5.796816795243734527e-02 -2.469483308807431943e-01
2.072602739726027465e+01 4.000000000000000083e-02 2.211404971338577080e-02 2.274524027265748816e-01 2.326484953753999441e-01 5.222014636525305065e+00 5.248303275177947036e+00 6.305236201687798581e-02 5.850772046786376079e-02 -2.464087789265878015e-01
2.072328767123288173e+01 4.000000000000000083e-02 2.165493147587353034e-02 2.269932845905841545e-01 2.321893772184464577e-01 5.221555520819720186e+00 5.247844158344920906e+00 6.351148009139509498e-02 5.896683858572803610e-02 -2.459496611820373713e-01
2.072054794520548171e+01 4.000000000000000083e-02 2.281225657835648721e-02 2.281506094855867139e-01 2.333467021562905530e-01 5.222712840747666618e+00 5.249001480577032197e+00 6.235415532202720490e-02 5.780951372777087122e-02 -2.471069852770487185e-01
2.071780821917808169e+01 4.000000000000000083e-02 2.256273684858244727e-02 2.279010898410708530e-01 2.330971824941705517e-01 5.222463323144221903e+00 5.248751962026759976e+00 6.260367491491686254e-02 5.805903335706383978e-02 -2.468574659612672029e-01
2.071506849315068521e+01 4.000000000000000083e-02 2.218341936058372196e-02 2.275217724546345355e-01 2.327178650867631482e-01 5.222084008189171733e+00 5.248372645943820025e+00 6.298299223985465156e-02 5.843835072536640585e-02 -2.464781489664288616e-01
2.070958904109588872e+01 4.000000000000000083e-02 2.190564884695632430e-02 2.272440020736295196e-01 2.324400946783737876e-01 5.221806240983134728e+00 5.248094877264950497e+00 6.326076254055333636e-02 5.871612108269169683e-02 -2.462003790967821626e-01
2.070684931506848869e+01 4.000000000000000083e-02 2.251997390516236736e-02 2.278583269721981830e-01 2.330544196099047782e-01 5.222420562060000826e+00 5.248709200114664242e+00 6.264643773864955745e-02 5.810179621262641370e-02 -2.468147033798287204e-01
2.070410958904109577e+01 4.000000000000000083e-02 2.284628501760123387e-02 2.281846379953233195e-01 2.333807306514718294e-01 5.222746870944965814e+00 5.249035509991495374e+00 6.232012676960616004e-02 5.777548520544811828e-02 -2.471410140585830195e-01
2.070136986301369930e+01 4.000000000000000083e-02 2.364354554291829211e-02 2.289818983586322243e-01 2.341779910482327531e-01 5.223544127429816442e+00 5.249832768275523698e+00 6.152286650439767191e-02 5.697822487106591477e-02 -2.479382737972285755e-01
2.069863013698630283e+01 4.000000000000000083e-02 2.391133131982871654e-02 2.292496840379421585e-01 2.344457767476954835e-01 5.223811910772591105e+00 5.250100552702188672e+00 6.125508088418739339e-02 5.671043920918245052e-02 -2.482060591002159256e-01
2.069589041095890281e+01 4.000000000000000083e-02 2.366181159005467660e-02 2.290001643934262976e-01 2.341962570855754544e-01 5.223562393169146389e+00 5.249851034151916451e+00 6.150460047707702327e-02 5.695995883847542601e-02 -2.479565397844344099e-01
2.069041095890410986e+01 4.000000000000000083e-02 2.403338889984806687e-02 2.293717415757176858e-01 2.345678342941939498e-01 5.223933967299055681e+00 5.250222609697789089e+00 6.113302337199142539e-02 5.658838167894945925e-02 -2.483281164751105496e-01
2.068767123287671694e+01 4.000000000000000083e-02 2.469085498305395934e-02 2.300292074914861429e-01 2.352253002445353347e-01 5.224591429206390636e+00 5.250880073464585074e+00 6.047555755761087337e-02 5.593091579307695599e-02 -2.489855817452824582e-01
2.068493150684931692e+01 4.000000000000000083e-02 2.488293364058033821e-02 2.302212860613486456e-01 2.354173788324988581e-01 5.224783505677595308e+00 5.251072150909325664e+00 6.028347904083138781e-02 5.573883723886696728e-02 -2.491776599771347578e-01
2.068219178082192045e+01 4.000000000000000083e-02 2.513245337035437815e-02 2.304708057058645065e-01 2.356668984946188594e-01 5.225033023281040023e+00 5.251321669459597885e+00 6.003395944794175793e-02 5.548931760957399179e-02 -2.494271792929162734e-01
2.067945205479452042e+01 4.000000000000000083e-02 2.488293364058033821e-02 2.302212860613486456e-01 2.354173788324988581e-01 5.224783505677595308e+00 5.251072150909325664e+00 6.028347904083138781e-02 5.573883723886696034e-02 -2.491776599771346190e-01
2.067671232876712395e+01 4.000000000000000083e-02 2.463341391080629827e-02 2.299717664168327846e-01 2.351678591703788568e-01 5.224533988074150592e+00 5.250822632359053443e+00 6.053299863372101769e-02 5.598835686815992890e-02 -2.489281406613530201e-01
2.067123287671232745e+01 4.000000000000000083e-02 2.488293364058033821e-02 2.302212860613486456e-01 2.354173788324988581e-01 5.224783505677595308e+00 5.251072150909325664e+00 6.028347904083138781e-02 5.573883723886696034e-02 -2.491776599771345635e-01
2.066849315068493098e+01 4.000000000000000083e-02 2.554341259787423768e-02 2.308817648581907300e-01 2.360778576624716352e-01 5.225443980633235341e+00 5.251732627646862994e+00 5.962300034114730030e-02 5.507835847067368840e-02 -2.498381381553143044e-01
2.066575342465753096e+01 4.000000000000000083e-02 2.620389155516813368e-02 2.315422436550328145e-01 2.367383364924444122e-01 5.226104455588876263e+00 5.252393104384400324e+00 5.896252164146321972e-02 5.441787970248041645e-02 -2.504986163334940730e-01
2.066301369863013448e+01 4.000000000000000083e-02 2.528563152249357557e-02 2.306239837885200039e-01 2.358200765916218800e-01 5.225186199700257106e+00 5.251474846650486583e+00 5.988078140736072946e-02 5.533613953932504936e-02 -2.495803571076589400e-01
2.066027397260273446e+01 4.000000000000000083e-02 2.573797377135360331e-02 2.310763259352854593e-01 2.362724187594682779e-01 5.225638539402887695e+00 5.251927187486923998e+00 5.942843932241627380e-02 5.488379741078854707e-02 -2.500326988607733392e-01
2.065753424657534154e+01 4.000000000000000083e-02 2.656803223059175240e-02 2.319063842320314983e-01 2.371024770897661449e-01 5.226468593809590502e+00 5.252757243698170875e+00 5.859838112406376420e-02 5.405373914305567490e-02 -2.508627565309899943e-01
2.065205479452054860e+01 4.000000000000000083e-02 2.631851250081771246e-02 2.316568645875156374e-01 2.368529574276461158e-01 5.226219076206145786e+00 5.252507725147898654e+00 5.884790071695339408e-02 5.430325877234864346e-02 -2.506132372152082843e-01
2.064931506849315213e+01 4.000000000000000083e-02 2.606899277104367252e-02 2.314073449429997764e-01 2.366034377655261145e-01 5.225969558602701071e+00 5.252258206597626433e+00 5.909742030984302397e-02 5.455277840164161202e-02 -2.503637178994266854e-01
2.064657534246575210e+01 4.000000000000000083e-02 2.569474516782048121e-02 2.310330974307930607e-01 2.362291902345261818e-01 5.225595313269415065e+00 5.251883960253564076e+00 5.947166776693685319e-02 5.492702589759740350e-02 -2.499894707381568881e-01
2.064383561643835918e+01 4.000000000000000083e-02 2.551194120187589426e-02 2.308502935501514641e-01 2.360463863362710912e-01 5.225412511430917561e+00 5.251701157467735470e+00 5.965447159592537213e-02 5.510982976300832226e-02 -2.498066671864213606e-01
2.064109589041095916e+01 4.000000000000000083e-02 2.527497761173384469e-02 2.306133300460091184e-01 2.358094228143711724e-01 5.225175549985591417e+00 5.251464195067343965e+00 5.989143504799285256e-02 5.534679325179567982e-02 -2.495697040138711298e-01
2.063835616438356269e+01 4.000000000000000083e-02 2.502545788195980475e-02 2.303638104014932575e-01 2.355599031522511710e-01 5.224926032382146701e+00 5.251214676517071744e+00 6.014095464088248244e-02 5.559631288108864838e-02 -2.493201846980895031e-01
2.063287671232876974e+01 4.000000000000000083e-02 2.524067048377257039e-02 2.305790229180433581e-01 2.357751156864066888e-01 5.225141242857518797e+00 5.251429887939321084e+00 5.992574217596115943e-02 5.538110037976212707e-02 -2.495353968858885219e-01
2.063013698630136972e+01 4.000000000000000083e-02 2.549019021354661033e-02 2.308285425625592191e-01 2.360246353485266901e-01 5.225390760460963513e+00 5.251679406489593305e+00 5.967622258307152955e-02 5.513158075046915158e-02 -2.497849162016699542e-01
2.062739726027397325e+01 4.000000000000000083e-02 2.654200081084426288e-02 2.318803529851724554e-01 2.370764458072093794e-01 5.226442566701649639e+00 5.252731214670229853e+00 5.862441226623432700e-02 5.407977035904575069e-02 -2.508367259507442992e-01
2.062465753424657677e+01 4.000000000000000083e-02 2.679910722218910302e-02 2.321374592990096963e-01 2.373335521411805427e-01 5.226699670681176357e+00 5.252988319732613043e+00 5.836730601144012737e-02 5.382266406261820152e-02 -2.510938318886184462e-01
2.062191780821917675e+01 4.000000000000000083e-02 2.737899029974968923e-02 2.327173422172668094e-01 2.379134350923312324e-01 5.227279549785728285e+00 5.253568200606299143e+00 5.778742318964545654e-02 5.324278117280471095e-02 -2.516737141926418397e-01
2.061917808219178028e+01 4.000000000000000083e-02 2.771844612680666314e-02 2.330567979445741233e-01 2.382528908402350154e-01 5.227619003125040464e+00 5.253907655053374093e+00 5.744796752273949314e-02 5.290332546330787228e-02 -2.520131695353390322e-01
2.061369863013698733e+01 4.000000000000000083e-02 2.796560158062887450e-02 2.333039533125058629e-01 2.385000462259015963e-01 5.227866156436764555e+00 5.254154809318952069e+00 5.720081220681652590e-02 5.265617011071168502e-02 -2.522603245720992926e-01
2.061095890410958731e+01 4.000000000000000083e-02 2.857369021777193471e-02 2.339120417963146958e-01 2.391081347413715197e-01 5.228474241249775112e+00 5.254762895834811154e+00 5.659272381585545714e-02 5.204808165428048000e-02 -2.528684124646904396e-01
2.060821917808219084e+01 4.000000000000000083e-02 2.847389343136445122e-02 2.338199955354280657e-01 2.390246883099502173e-01 5.230485644476979168e+00 5.256008542211523249e+00 5.578627988807850768e-02 5.143548775502715387e-02 -2.540381670342568010e-01
2.060547945205479436e+01 4.000000000000000083e-02 2.822437370159041128e-02 2.335704758909122047e-01 2.387751686478302160e-01 5.230236126873534452e+00 5.255759023661251028e+00 5.603579948096813756e-02 5.168500738432012936e-02 -2.537886477184752021e-01
2.060273972602740145e+01 4.000000000000000083e-02 2.925836577087432069e-02 2.346044677881606588e-01 2.398091605806013105e-01 5.231270114652278203e+00 5.256793013350522514e+00 5.500180768789154212e-02 5.065101551778845856e-02 -2.548226389523991497e-01
2.059452054794520492e+01 4.000000000000000083e-02 2.936807403167990271e-02 2.348353903371777351e-01 2.400240761436873427e-01 5.246731630489866127e+00 5.265552937277702128e+00 4.828843960967782456e-02 4.593764974438948462e-02 -2.637210995780520095e-01
2.059178082191780845e+01 4.000000000000000083e-02 2.910965808178654288e-02 2.347851610151195645e-01 2.400328419282835579e-01 5.285507326630860980e+00 5.288281990802987664e+00 3.232907804647926209e-02 3.423538431114490216e-02 -2.858770666369972457e-01
2.058904109589040843e+01 4.000000000000000083e-02 2.941679360875412708e-02 2.353806514382289217e-01 2.404858201037200771e-01 5.311831680455609828e+00 5.300710343494977828e+00 2.124445445216038147e-02 2.746537840137366904e-02 -2.998196050269540391e-01
2.058630136986300840e+01 4.000000000000000083e-02 2.828734722036315222e-02 2.343562558179738686e-01 2.395782034785205183e-01 5.346870663159266179e+00 5.320810061517312839e+00 8.767206667050542884e-03 1.813259204176356082e-02 -3.185522296484258886e-01
2.058356164383561193e+01 4.000000000000000083e-02 2.854973137796102539e-02 2.346459568802450601e-01 2.398982887499185035e-01 5.357604274869447458e+00 5.326931522554902543e+00 4.833632327189514230e-03 1.507262658477986385e-02 -3.242736421507560474e-01
2.058082191780821901e+01 4.000000000000000083e-02 2.882684470160100029e-02 2.349408598765780620e-01 2.402129861164643554e-01 5.365213451822090640e+00 5.331175921970306320e+00 2.108123670104530833e-03 1.294070039431716862e-02 -3.282367659171399610e-01
2.057534246575342252e+01 4.000000000000000083e-02 2.879184719840884726e-02 2.349925790034989026e-01 2.401754989723269562e-01 5.365174399313618281e+00 5.329924982769101760e+00 1.615532831114730892e-03 1.330669368575523696e-02 -3.280516360381443564e-01
2.057260273972602249e+01 4.000000000000000083e-02 2.812931108093775015e-02 2.343300430618688590e-01 2.395129629946965433e-01 5.364511872101761725e+00 5.329262450268672957e+00 2.278068585241839646e-03 1.396922955170769136e-02 -3.273891011574901477e-01
2.056986301369862957e+01 4.000000000000000083e-02 2.754577453391512248e-02 2.337917797239731643e-01 2.390250433634534544e-01 5.380481711210206797e+00 5.338140366294040540e+00 -3.125701072044918469e-03 9.972379193959868965e-03 -3.356370646088382981e-01
2.056712328767123665e+01 4.000000000000000083e-02 2.824049476284208257e-02 2.344864997745986224e-01 2.397197634505825736e-01 5.381176422408897153e+00 5.338835082855307945e+00 -3.820420932543544274e-03 9.277659220071100832e-03 -3.363317835836412972e-01
2.056438356164384018e+01 4.000000000000000083e-02 2.830657391464544773e-02 2.345617461490477063e-01 2.398052134492360821e-01 5.385327993918589407e+00 5.341025848909153773e+00 -5.177105370591650671e-03 8.239567105765047486e-03 -3.383659318440861430e-01
2.056164383561644016e+01 4.000000000000000083e-02 2.918272983996309314e-02 2.354379018927430789e-01 2.406813692301148500e-01 5.386204140645478589e+00 5.341902001098501884e+00 -6.053260920618778670e-03 7.363411440235806404e-03 -3.392420864919210577e-01
2.055616438356164366e+01 4.000000000000000083e-02 2.915363610685510476e-02 2.355445214523055331e-01 2.406483823715081793e-01 5.386168703085251863e+00 5.339993634981448523e+00 -6.853237553211245781e-03 7.908477841227555191e-03 -3.389785558131995780e-01
2.055342465753424719e+01 4.000000000000000083e-02 2.962050219252435751e-02 2.362511993048188319e-01 2.411083704431445096e-01 5.386624348217480929e+00 5.337149695044137943e+00 -8.786800942002537598e-03 8.352425829103867286e-03 -3.390314026037076212e-01
2.055068493150685072e+01 4.000000000000000083e-02 2.957353524024047484e-02 2.365709107968090308e-01 2.410508960451054894e-01 5.386560253196763348e+00 5.332105927178957039e+00 -1.099173800886072729e-02 9.786415652125946690e-03 -3.383528353588600157e-01
2.054794520547945069e+01 4.000000000000000083e-02 2.959331225439955013e-02 2.368753017684823159e-01 2.410625095351505986e-01 5.386566723128103362e+00 5.328192616229395107e+00 -1.275135913657268402e-02 1.084803013207378750e-02 -3.378811344281220652e-01
2.054520547945205067e+01 4.000000000000000083e-02 3.006865362880730558e-02 2.381549281758723324e-01 2.415148886521528704e-01 5.387004615771050275e+00 5.318258268895858620e+00 -1.825968203598927336e-02 1.336327002868472127e-02 -3.369846153435989700e-01
2.054246575342465775e+01 4.000000000000000083e-02 3.139579779403144089e-02 2.394820720975677220e-01 2.428420326258560469e-01 5.388331747741777811e+00 5.319585408768837453e+00 -1.958682566900409386e-02 1.203612619431810270e-02 -3.383117578453714858e-01
2.053698630136986125e+01 4.000000000000000083e-02 3.132697251471572991e-02 2.394738846482408479e-01 2.427714771022534690e-01 5.388260105799892230e+00 5.318736064654527418e+00 -1.989853290594195689e-02 1.232992949230053356e-02 -3.381396378774683131e-01
2.053424657534246478e+01 4.000000000000000083e-02 3.060319917223010625e-02 2.388145385035516099e-01 2.420458657638426825e-01 5.387533344479527919e+00 5.317185012066602212e+00 -1.957940263262505920e-02 1.329255297753978091e-02 -3.373061640800688044e-01
2.053150684931506831e+01 4.000000000000000083e-02 3.031526906814153294e-02 2.392917625915944035e-01 2.417360670636757025e-01 5.387209762797381174e+00 5.306847362036555715e+00 -2.405304318157933802e-02 1.643977527268611002e-02 -3.357093849461709745e-01
2.052876712328767184e+01 4.000000000000000083e-02 2.950085058138644453e-02 2.390851193985298051e-01 2.409042397376032763e-01 5.386366966611265461e+00 5.297802226372559709e+00 -2.697902371486282300e-02 1.954861698346495660e-02 -3.338492633253133390e-01
2.052602739726027536e+01 4.000000000000000083e-02 2.942255505444421604e-02 2.396264779181002391e-01 2.408081694623056546e-01 5.386259691627273583e+00 5.289153936982343929e+00 -3.068724331799994876e-02 2.198202169557076507e-02 -3.327007393493545129e-01
2.052328767123287534e+01 4.000000000000000083e-02 2.992951661736483263e-02 2.404607494345529228e-01 2.413057861545501726e-01 5.386751408144422548e+00 5.285423431018103635e+00 -3.324231065228233639e-02 2.269218701750431652e-02 -3.326493898521101222e-01
2.051780821917807884e+01 4.000000000000000083e-02 3.031074520269342112e-02 2.412627112932340390e-01 2.416750018968334690e-01 5.387113044042382448e+00 5.280352791962257264e+00 -3.625538198112302629e-02 2.387595049127634247e-02 -3.323128294250626835e-01
2.051506849315068948e+01 4.000000000000000083e-02 3.026463739586062601e-02 2.420992199430965774e-01 2.416036687021881346e-01 5.387025811065488057e+00 5.268717088458153341e+00 -4.170218037682522222e-02 2.722005314997660852e-02 -3.307570058543913283e-01
2.051232876712328945e+01 4.000000000000000083e-02 3.066531400061957638e-02 2.424998963967223697e-01 2.420043451880897478e-01 5.387426480102401882e+00 5.269117762399154081e+00 -4.210285665129660793e-02 2.681937675054684583e-02 -3.311576814268175628e-01
2.050958904109588943e+01 4.000000000000000083e-02 2.946237090000642170e-02 2.428665574458193921e-01 2.407565089405176995e-01 5.386150347172677932e+00 5.247095805189710305e+00 -5.063102666298281013e-02 3.390742497696989238e-02 -3.272646538383272019e-01
2.050684931506849296e+01 4.000000000000000083e-02 2.913627383949841942e-02 2.442291960756107772e-01 2.403820582917431670e-01 5.385745411283758166e+00 5.224025153115874787e+00 -6.071701405111168404e-02 4.059751512880648699e-02 -3.240359015296415679e-01
2.050410958904109648e+01 4.000000000000000083e-02 2.881134546846135513e-02 2.442150098200935870e-01 2.400810033476905581e-01 5.392071700791452926e+00 5.223210493193084503e+00 -6.432455633279704488e-02 4.042086844578809957e-02 -3.264663417931825684e-01
2.049863013698629999e+01 4.000000000000000083e-02 2.938875087256300964e-02 2.456460340916138130e-01 2.406340384932247611e-01 5.392609362137815054e+00 5.212742690462400574e+00 -7.024415365957825674e-02 4.301720276893013228e-02 -3.255878115574144527e-01
2.049589041095890352e+01 4.000000000000000083e-02 3.004922982957699412e-02 2.463065128588938224e-01 2.412945173010239974e-01 5.393269831594072805e+00 5.213403166075306849e+00 -7.090463220194634375e-02 4.235672406968830905e-02 -3.262482892184285221e-01
2.049315068493150704e+01 4.000000000000000083e-02 2.892265285935742905e-02 2.469443943132604569e-01 2.401174553049997273e-01 5.392060945416600859e+00 5.188754613498646862e+00 -8.069660975665368663e-02 5.011027428773680292e-02 -3.220947222824356304e-01
2.049041095890411057e+01 4.000000000000000083e-02 2.926684071252444105e-02 2.483640744331763739e-01 2.404309011340668989e-01 5.392355002119295193e+00 5.174949447193927021e+00 -8.772981474833760340e-02 5.378724660900124216e-02 -3.205986408630385198e-01
2.048767123287671765e+01 4.000000000000000083e-02 2.926133556021277837e-02 2.494412926673616193e-01 2.403944368569874424e-01 5.392299022048413271e+00 5.160634659863881701e+00 -9.444642656229999822e-02 5.784726338428559239e-02 -3.187388328209398436e-01
2.048493150684931763e+01 4.000000000000000083e-02 2.883667505791219846e-02 2.495430475136898585e-01 2.399547459348310985e-01 5.391849859314078230e+00 5.153386450459231938e+00 -9.731433689073436255e-02 6.023021913503630309e-02 -3.174160351860459417e-01
2.047671232876712466e+01 4.000000000000000083e-02 2.963462986992944706e-02 2.503410021339283476e-01 2.407527005960255206e-01 5.392647804522936461e+00 5.154184401891098943e+00 -9.811229128363659069e-02 5.943226458356952457e-02 -3.182139886880943624e-01
2.047397260273972464e+01 4.000000000000000083e-02 3.019085745087722247e-02 2.510431482596234831e-01 2.413047629893882162e-01 5.393197234766352821e+00 5.152856388951660094e+00 -9.958265990400312628e-02 5.941812589769297076e-02 -3.185214539982677562e-01
2.047123287671232816e+01 4.000000000000000083e-02 3.036816739149880706e-02 2.512692444435475903e-01 2.414806827725493321e-01 5.393372273062420952e+00 5.152418082951243150e+00 -1.000684597584844682e-01 5.942060189735703241e-02 -3.186159789637118545e-01
2.046849315068493169e+01 4.000000000000000083e-02 3.011864766187350925e-02 2.510197248147399418e-01 2.412311631222113506e-01 5.393122758381126758e+00 5.152168564998556910e+00 -9.981894024918684660e-02 5.967012149001165583e-02 -3.183664599227335468e-01
2.046575342465753167e+01 4.000000000000000083e-02 3.057910589504914470e-02 2.515747976136380459e-01 2.416889231120894210e-01 5.393578811430224107e+00 5.151422148431506365e+00 -1.008750173902087377e-01 5.955966717552091394e-02 -3.186660132460496508e-01
2.046027397260273872e+01 4.000000000000000083e-02 3.032958616542385036e-02 2.513252779848303975e-01 2.414394034617514395e-01 5.393329296748929913e+00 5.151172630478820125e+00 -1.006254978809111161e-01 5.980918676817553736e-02 -3.184164942050713432e-01
2.045753424657534225e+01 4.000000000000000083e-02 3.140705663493402466e-02 2.524027482447324111e-01 2.425168737664170904e-01 5.394406756722484708e+00 5.152250097253940453e+00 -1.017029678923417058e-01 5.873171658343880747e-02 -3.194939632428266951e-01
2.045479452054794223e+01 4.000000000000000083e-02 3.088334391715351693e-02 2.518790357139916170e-01 2.419931611957326367e-01 5.393883053370565506e+00 5.151726387832781917e+00 -1.011792555833198604e-01 5.925542904710708048e-02 -3.189702518026453215e-01
2.045205479452054931e+01 4.000000000000000083e-02 3.123552024350422299e-02 2.522312119304983002e-01 2.423453374356970280e-01 5.394235224196581413e+00 5.152078562223103120e+00 -1.015314316696157848e-01 5.890325286999073540e-02 -3.193224273786907652e-01
2.044931506849314928e+01 4.000000000000000083e-02 3.098600051387893906e-02 2.519816923016906518e-01 2.420958177853590465e-01 5.393985709515287219e+00 5.151829044270416880e+00 -1.012819121603181632e-01 5.915277246264535882e-02 -3.190729083377124575e-01
2.044657534246575636e+01 4.000000000000000083e-02 3.164647947089292701e-02 2.526421710689710776e-01 2.427562965931582828e-01 5.394646178971544970e+00 5.152489519883323155e+00 -1.019423907026862502e-01 5.849229376340353559e-02 -3.197333859987265270e-01
2.044109589041095987e+01 4.000000000000000083e-02 3.189599920051823523e-02 2.528916906977787260e-01 2.430058162434962643e-01 5.394895693652839164e+00 5.152739037836009395e+00 -1.021919102119838718e-01 5.824277417074891217e-02 -3.199829050397048347e-01
2.043835616438356340e+01 4.000000000000000083e-02 3.305276675310320905e-02 2.540484580328984388e-01 2.441625836250577719e-01 5.396052450316036087e+00 5.153895801555727907e+00 -1.033486772893188188e-01 5.708600691361162549e-02 -3.211396711068678633e-01
2.043561643835616337e+01 4.000000000000000083e-02 3.371324571011719701e-02 2.547089368001788645e-01 2.448230624328570082e-01 5.396712919772293837e+00 5.154556277168634182e+00 -1.040091558316869058e-01 5.642552821436980226e-02 -3.218001487678819328e-01
2.043287671232876690e+01 4.000000000000000083e-02 3.275821207387185491e-02 2.537539033617330353e-01 2.438680289521694411e-01 5.395757896040677792e+00 5.153601247018649190e+00 -1.030541226277137679e-01 5.738056158188527961e-02 -3.208451164827287871e-01
2.043013698630137043e+01 4.000000000000000083e-02 3.209773311685786695e-02 2.530934245944526095e-01 2.432075501443702048e-01 5.395097426584420042e+00 5.152940771405742915e+00 -1.023936440853456808e-01 5.804104028112710284e-02 -3.201846388217147177e-01
2.042739726027397040e+01 4.000000000000000083e-02 3.219775769667007626e-02 2.531934490750970546e-01 2.433075746461926259e-01 5.395197446198517710e+00 5.153040794237699451e+00 -1.024936684484356597e-01 5.794101583604416988e-02 -3.202846627241491828e-01
2.041917808219178099e+01 4.000000000000000083e-02 3.279675197994203623e-02 2.537924431705274597e-01 2.439065687817384143e-01 5.395796431075795319e+00 5.153639785210224922e+00 -1.030926623211973620e-01 5.734202180797332710e-02 -3.208836557243472387e-01
2.041643835616438452e+01 4.000000000000000083e-02 3.254723225031672107e-02 2.535429235417198113e-01 2.436570491314004328e-01 5.395546916394501125e+00 5.153390267257538682e+00 -1.028431428118997404e-01 5.759154140062795052e-02 -3.206341366833689310e-01
2.041369863013698804e+01 4.000000000000000083e-02 3.201555047351180294e-02 2.530112419476681640e-01 2.431253674983201163e-01 5.395015243768901847e+00 5.152858588701797693e+00 -1.023114614344853707e-01 5.812322292914448574e-02 -3.201024561548820313e-01
2.041095890410958802e+01 4.000000000000000083e-02 3.180208267267675692e-02 2.527977742521709814e-01 2.429118997803270119e-01 5.394801781242744454e+00 5.152645122757563811e+00 -1.020979938638563872e-01 5.833669058686780096e-02 -3.198889890735693298e-01
2.040821917808219155e+01 4.000000000000000083e-02 3.220383803064018335e-02 2.531995294927395501e-01 2.433136550459661096e-01 5.395203530722280760e+00 5.153046876046420088e+00 -1.024997489652637594e-01 5.793493538839703666e-02 -3.202907436296519861e-01
2.040273972602739860e+01 4.000000000000000083e-02 3.195431830101486126e-02 2.529500098639319017e-01 2.430641353956281281e-01 5.394954016040986566e+00 5.152797358093733848e+00 -1.022502294559661379e-01 5.818445498105166008e-02 -3.200412245886736784e-01
2.039999999999999858e+01 4.000000000000000083e-02 3.271946302253334049e-02 2.537151543943749754e-01 2.438292799668765054e-01 5.395719151194551699e+00 5.153562499447494005e+00 -1.030153737599061314e-01 5.741931051912845668e-02 -3.208063680050261546e-01
2.039726027397259855e+01 4.000000000000000083e-02 3.244173871710640672e-02 2.534374302050690919e-01 2.435515557527722363e-01 5.395441432703776741e+00 5.153284777188729571e+00 -1.027376497082517492e-01 5.769703466679320519e-02 -3.205286444927800127e-01
2.039452054794520919e+01 4.000000000000000083e-02 3.178125976009241876e-02 2.527769514377886662e-01 2.428910769449730001e-01 5.394780963247518990e+00 5.152624301575823296e+00 -1.020771711658836622e-01 5.835751336603502842e-02 -3.198681668317659432e-01
2.039178082191780916e+01 4.000000000000000083e-02 3.154777311550888141e-02 2.525434648986959463e-01 2.426575903833514680e-01 5.394547481885263451e+00 5.152390816790527239e+00 -1.018436847518399829e-01 5.859099986729927878e-02 -3.196346809077484918e-01
2.038904109589041269e+01 4.000000000000000083e-02 3.088729415849489693e-02 2.518829861314155205e-01 2.419971115755522317e-01 5.393887012429005701e+00 5.151730341177620964e+00 -1.011832062094718959e-01 5.925147856654110201e-02 -3.189742032467344224e-01
2.038082191780821972e+01 4.000000000000000083e-02 3.126411435238721226e-02 2.522598062175424039e-01 2.423739316846935665e-01 5.394263827226664532e+00 5.152107159472130604e+00 -1.015600261678530486e-01 5.887465851905858416e-02 -3.193510227045228134e-01
2.037808219178082325e+01 4.000000000000000083e-02 3.041270076274371625e-02 2.514083928203100782e-01 2.415225182463704157e-01 5.393412423271844780e+00 5.151255749273784268e+00 -1.007086129987067591e-01 5.972607184729234603e-02 -3.184996104291677455e-01
2.037534246575342323e+01 4.000000000000000083e-02 3.110332037937970154e-02 2.520990122464086824e-01 2.422131377131596375e-01 5.394103033347473541e+00 5.151946365532142913e+00 -1.013992321989400369e-01 5.903545248952069002e-02 -3.191902287443128539e-01
2.037260273972602675e+01 4.000000000000000083e-02 3.153897177072743918e-02 2.525346635179090971e-01 2.426487890102542178e-01 5.394538678737569981e+00 5.152382014811144550e+00 -1.018348833283715393e-01 5.859980126099795933e-02 -3.196258793170264068e-01
2.036986301369863028e+01 4.000000000000000083e-02 3.207947763885950904e-02 2.530751692031967814e-01 2.431892947345898059e-01 5.395079175449917663e+00 5.152922517456598683e+00 -1.023753887969133802e-01 5.805929564127836062e-02 -3.201663839362161035e-01
2.036438356164384089e+01 4.000000000000000083e-02 3.232899736848483807e-02 2.533246888320044299e-01 2.434388143849277875e-01 5.395328690131211857e+00 5.153172035409284923e+00 -1.026249083062110018e-01 5.780977604862373720e-02 -3.204159029771944112e-01
2.036164383561644087e+01 4.000000000000000083e-02 3.107039065733500569e-02 2.520660823328719768e-01 2.421802078405172753e-01 5.394070094036658602e+00 5.151913432434989559e+00 -1.013663020584059521e-01 5.906838247172688239e-02 -3.191572977142558276e-01
2.035890410958904084e+01 4.000000000000000083e-02 3.131991038696031043e-02 2.523156019616796253e-01 2.424297274908552569e-01 5.394319608717952796e+00 5.152162950387675799e+00 -1.016158215677035737e-01 5.881886287907225896e-02 -3.194068167552341353e-01
2.035616438356164437e+01 4.000000000000000083e-02 3.075368533236591539e-02 2.517493770149034082e-01 2.418635025210536527e-01 5.393753389062246661e+00 5.151596727233405559e+00 -1.010495967487363145e-01 5.938508778718486203e-02 -3.188405924371056632e-01
2.035342465753424790e+01 4.000000000000000083e-02 3.100320506199120627e-02 2.519988966437110567e-01 2.421130221713916342e-01 5.394002903743540855e+00 5.151846245186091799e+00 -1.012991162580339360e-01 5.913556819453023861e-02 -3.190901114780839709e-01
2.035068493150684787e+01 4.000000000000000083e-02 3.055086281330929646e-02 2.515465545157552496e-01 2.416606800176540337e-01 5.393550567540109419e+00 5.151393905065243750e+00 -1.008467742731886940e-01 5.958791027919329436e-02 -3.186377700540387048e-01
2.034520547945205138e+01 4.000000000000000083e-02 3.030134308368400559e-02 2.512970348869476012e-01 2.414111603673160522e-01 5.393301052858815225e+00 5.151144387112557510e+00 -1.005972547638910725e-01 5.983742987184791778e-02 -3.183882510130603971e-01
2.034246575342465846e+01 4.000000000000000083e-02 3.117267658875544009e-02 2.521683681919336673e-01 2.422824937150324098e-01 5.394172376344788411e+00 5.152015717091082081e+00 -1.014685878316943929e-01 5.896609663861205469e-02 -3.192595831514247195e-01
2.033972602739726554e+01 4.000000000000000083e-02 3.148455813032082634e-02 2.524802496312058553e-01 2.425943751761501788e-01 5.394484252764127241e+00 5.152327596829711531e+00 -1.017804691497073560e-01 5.865421523602204479e-02 -3.195714639942641710e-01
2.033698630136986552e+01 4.000000000000000083e-02 3.135179430060090755e-02 2.523474859018852712e-01 2.424616114253886068e-01 5.394351493961806021e+00 5.152194834769558085e+00 -1.016477055394015699e-01 5.878697892933926195e-02 -3.194387008503354330e-01
2.033424657534246549e+01 4.000000000000000083e-02 3.033924135775737871e-02 2.513349331652852126e-01 2.414490586447437248e-01 5.393338951346446919e+00 5.151182285461810118e+00 -1.006351530472850697e-01 5.979953159198018314e-02 -3.184261493162655610e-01
2.033150684931506902e+01 4.000000000000000083e-02 2.943000031661754251e-02 2.504256923215734121e-01 2.405398177588695952e-01 5.392429720191349141e+00 5.150273047900388868e+00 -9.972591243760645097e-02 6.070877236489437279e-02 -3.175169096236830080e-01
2.032602739726027608e+01 4.000000000000000083e-02 2.951190181884457558e-02 2.506538044569054380e-01 2.406175458014905566e-01 5.392504811355618877e+00 5.148467271144143709e+00 -1.007238506736278794e-01 6.117001115666594740e-02 -3.173495599183820959e-01
2.032328767123287960e+01 4.000000000000000083e-02 3.006812939979235447e-02 2.513559505826005736e-01 2.411696081948532522e-01 5.393054241599035237e+00 5.147139258204704859e+00 -1.021942192939944150e-01 6.115587247078941441e-02 -3.176570252285554896e-01
2.032054794520547958e+01 4.000000000000000083e-02 2.981860967016704972e-02 2.511064309537929251e-01 2.409200885445152707e-01 5.392804726917741043e+00 5.146889740252018619e+00 -1.019446997846967934e-01 6.140539206344404477e-02 -3.174075061875771819e-01
2.031780821917808311e+01 4.000000000000000083e-02 3.006530755949904377e-02 2.514477865171662607e-01 2.411640869727154357e-01 5.393047017801028353e+00 5.145929063566608619e+00 -1.027872981595081975e-01 6.150885242159044586e-02 -3.174932272483917961e-01
2.031506849315068663e+01 4.000000000000000083e-02 2.943435450737727499e-02 2.508168336503610041e-01 2.405331340663344475e-01 5.392416074028478334e+00 5.145298113780738092e+00 -1.021563455123789543e-01 6.213980522194129108e-02 -3.168622754620983306e-01
2.031232876712328661e+01 4.000000000000000083e-02 2.965631534219106621e-02 2.511858728606621294e-01 2.407508967774523723e-01 5.392631184789593135e+00 5.143621795633309013e+00 -1.032998865852847309e-01 6.246415022181379950e-02 -3.168335210870824592e-01
2.030684931506849367e+01 4.000000000000000083e-02 2.956467383536715357e-02 2.512096064372670856e-01 2.406559601052250252e-01 5.392534175202736257e+00 5.142026991683589898e+00 -1.039289094397562729e-01 6.298562859537813752e-02 -3.165448735154415272e-01
2.030410958904109719e+01 4.000000000000000083e-02 2.852317645613969624e-02 2.511859981904262518e-01 2.395853459395467788e-01 5.391445212036128254e+00 5.127460661112978713e+00 -1.091941183252525677e-01 6.784582220732056357e-02 -3.137582819894279562e-01
2.030136986301369717e+01 4.000000000000000083e-02 2.942872850541352822e-02 2.520915500424965039e-01 2.404908978337312042e-01 5.392350754210598396e+00 5.128366209686487487e+00 -1.100996699435557030e-01 6.694027042596742416e-02 -3.146638326916777473e-01
2.029863013698630070e+01 4.000000000000000083e-02 2.920143155957303366e-02 2.520529358892520388e-01 2.402582151736284422e-01 5.392114683747530002e+00 5.125700593522594772e+00 -1.110544204462097784e-01 6.786861882679083580e-02 -3.141148518029178160e-01
2.029589041095890423e+01 4.000000000000000083e-02 2.923188148309099552e-02 2.525573122281384864e-01 2.402914732436284007e-01 5.395678657209896478e+00 5.121407188534167432e+00 -1.150665534517559124e-01 6.876463256119479117e-02 -3.150212758555256398e-01
2.029315068493150775e+01 4.000000000000000083e-02 2.989236044010498000e-02 2.532177909954189121e-01 2.409519520514276369e-01 5.396339126666154229e+00 5.122067664147073707e+00 -1.157270319941239994e-01 6.810415386195294019e-02 -3.156817535165397093e-01
2.028767123287671126e+01 4.000000000000000083e-02 3.014188016973028128e-02 2.534673106242265606e-01 2.412014717017656185e-01 5.396588641347448423e+00 5.122317182099759947e+00 -1.159765515034216210e-01 6.785463426929828901e-02 -3.159312725575180170e-01
2.028493150684931479e+01 4.000000000000000083e-02 2.935259363390640974e-02 2.526780242820559907e-01 2.404121853182387691e-01 5.395799364508656382e+00 5.121527898977121573e+00 -1.151872653908096733e-01 6.864392054202485272e-02 -3.151419873444676889e-01
2.028219178082191831e+01 4.000000000000000083e-02 2.964575675129160065e-02 2.530661301390912943e-01 2.407026408975959930e-01 5.396088107763051589e+00 5.120610327477980839e+00 -1.160781777842235796e-01 6.870194238266737197e-02 -3.152736962661477627e-01
2.027945205479451829e+01 4.000000000000000083e-02 3.014135492584375797e-02 2.536104086942153057e-01 2.411968519043565240e-01 5.396581438721971935e+00 5.120491535546280559e+00 -1.168815740484970556e-01 6.838575132250711286e-02 -3.156866860277637854e-01
2.027671232876711827e+01 4.000000000000000083e-02 3.080183388285773552e-02 2.542708874614957315e-01 2.418573307121557603e-01 5.397241908178229686e+00 5.121152011159186834e+00 -1.175420525908651426e-01 6.772527262326526187e-02 -3.163471636887778549e-01
2.027397260273972535e+01 4.000000000000000083e-02 3.049431843265477254e-02 2.539633721288459545e-01 2.415498153544015925e-01 5.396934398614385842e+00 5.120844497780889348e+00 -1.172345373975644672e-01 6.803278791376037027e-02 -3.160396490415373627e-01
2.026849315068492885e+01 4.000000000000000083e-02 3.032593398638994478e-02 2.537949877829290268e-01 2.413814309870541963e-01 5.396766019192915209e+00 5.120676115103269588e+00 -1.170661531706000125e-01 6.820117222369319332e-02 -3.158712652807083576e-01
2.026575342465753593e+01 4.000000000000000083e-02 3.007641425676465044e-02 2.535454681541213784e-01 2.411319113367162148e-01 5.396516504511621015e+00 5.120426597150583348e+00 -1.168166336613023909e-01 6.845069181634784450e-02 -3.156217462397300499e-01
2.026301369863013591e+01 4.000000000000000083e-02 3.016301009569016464e-02 2.536320640893793832e-01 2.412185072514018147e-01 5.396603105174288650e+00 5.120513194687395853e+00 -1.169032297107539115e-01 6.836409584654502825e-02 -3.157083427366667028e-01
2.026027397260273943e+01 4.000000000000000083e-02 3.082348905270413872e-02 2.542925428566598089e-01 2.418789860592010510e-01 5.397263574630546401e+00 5.121173670300302128e+00 -1.175637082531219985e-01 6.770361714730317726e-02 -3.163688203976807722e-01
2.025753424657534296e+01 4.000000000000000083e-02 3.051160751113877329e-02 2.539806614173876209e-01 2.415671045980832821e-01 5.396951698211207571e+00 5.120861790561672677e+00 -1.172518269351090353e-01 6.801549854989318022e-02 -3.160569395548413207e-01
2.025479452054794294e+01 4.000000000000000083e-02 3.133718458984120075e-02 2.548062383035016865e-01 2.423926815253263367e-01 5.397777265646221068e+00 5.121687364245964602e+00 -1.180774035929275795e-01 6.718992173284091263e-02 -3.168825153180462872e-01
2.024931506849314999e+01 4.000000000000000083e-02 3.158670431946652979e-02 2.550557579323093349e-01 2.426422011756643182e-01 5.398026780327515262e+00 5.121936882198650842e+00 -1.183269231022252010e-01 6.694040214018626145e-02 -3.171320343590245949e-01
2.024657534246575707e+01 4.000000000000000083e-02 3.183622404909183801e-02 2.553052775611169833e-01 2.428917208260022997e-01 5.398276295008809456e+00 5.122186400151337082e+00 -1.185764426115228226e-01 6.669088254753161027e-02 -3.173815534000029026e-01
2.024383561643836060e+01 4.000000000000000083e-02 3.158670431946652285e-02 2.550557579323093349e-01 2.426422011756643182e-01 5.398026780327515262e+00 5.121936882198650842e+00 -1.183269231022252010e-01 6.694040214018626145e-02 -3.171320343590245949e-01
2.024109589041096058e+01 4.000000000000000083e-02 3.234443309390912236e-02 2.558134865159728544e-01 2.433999298000701916e-01 5.398784499548854754e+00 5.122694607610570827e+00 -1.190846514597373729e-01 6.618267362493600314e-02 -3.178897618303264672e-01
2.023835616438356055e+01 4.000000000000000083e-02 3.148043998924112546e-02 2.549494936081754815e-01 2.425359368502295332e-01 5.397920516302309402e+00 5.121830617975797750e+00 -1.182206587853121132e-01 6.704666646213583436e-02 -3.170257700704073311e-01
2.023561643835616408e+01 4.000000000000000083e-02 3.112826366289043675e-02 2.545973173916687426e-01 2.421837606102651419e-01 5.397568345476293494e+00 5.121478443585476548e+00 -1.178684826990161749e-01 6.739884263925205454e-02 -3.166735944943618875e-01
2.023013698630137114e+01 4.000000000000000083e-02 3.238925779986136233e-02 2.558583112840598361e-01 2.434447545548886205e-01 5.398829327366130748e+00 5.122739433411675591e+00 -1.191294763014803665e-01 6.613784883456674812e-02 -3.179345869607011488e-01
2.022739726027397111e+01 4.000000000000000083e-02 3.179026351658940236e-02 2.552593171886294310e-01 2.428457604193428321e-01 5.398230342488853140e+00 5.122140442439150121e+00 -1.185304824287186781e-01 6.673684286263757703e-02 -3.173355939605030929e-01
2.022465753424657109e+01 4.000000000000000083e-02 3.154074378696408720e-02 2.550097975598217825e-01 2.425962407690048506e-01 5.397980827807558946e+00 5.121890924486463881e+00 -1.182809629194210566e-01 6.698636245529222821e-02 -3.170860749195247852e-01
2.022191780821917462e+01 4.000000000000000083e-02 3.244098465851944640e-02 2.559100382380292693e-01 2.434964814885033635e-01 5.398881058997384130e+00 5.122791161950221550e+00 -1.191812033684320760e-01 6.608612184641912690e-02 -3.179863144703932165e-01
2.021917808219178170e+01 4.000000000000000083e-02 3.303571592945897528e-02 2.565047693863363731e-01 2.440912126629994072e-01 5.399475784127620415e+00 5.123385891059732522e+00 -1.197759343713691305e-01 6.549139074208817912e-02 -3.185810449036755032e-01
2.021643835616438523e+01 4.000000000000000083e-02 3.265889573556667036e-02 2.561279493002094898e-01 2.437143925538580724e-01 5.399098969329961584e+00 5.123009072765222882e+00 -1.193991144129879778e-01 6.586821078957072473e-02 -3.182042254458871122e-01
2.020821917808219226e+01 4.000000000000000083e-02 3.275892031537887272e-02 2.562279737808539348e-01 2.438144170556804935e-01 5.399198988944059252e+00 5.123109095597179419e+00 -1.194991387760779566e-01 6.576818634448786116e-02 -3.183042493483215774e-01
2.020547945205479934e+01 4.000000000000000083e-02 3.371326500387140240e-02 2.571823182622646753e-01 2.447687615813155804e-01 5.400153323263119809e+00 5.124063436635808877e+00 -1.204534830120127520e-01 6.481384193733595589e-02 -3.192585926223185377e-01
2.020273972602739931e+01 4.000000000000000083e-02 3.305278604685741445e-02 2.565218394949842495e-01 2.441082827735163441e-01 5.399492853806862058e+00 5.123402961022902602e+00 -1.197930044696446650e-01 6.547432063657780688e-02 -3.185981149613044683e-01
2.019999999999999929e+01 4.000000000000000083e-02 3.350512829553928956e-02 2.569741816229400566e-01 2.445606249272539445e-01 5.399945190010293494e+00 5.123855301143750651e+00 -1.202453464544899070e-01 6.502197855191473030e-02 -3.190504563853497344e-01
2.019726027397260282e+01 4.000000000000000083e-02 3.325560856591397441e-02 2.567246619941324082e-01 2.443111052769159630e-01 5.399695675328999300e+00 5.123605783191064411e+00 -1.199958269451922854e-01 6.527149814456938148e-02 -3.188009373443714267e-01
2.019178082191780987e+01 4.000000000000000083e-02 3.350512829553929650e-02 2.569741816229400566e-01 2.445606249272539445e-01 5.399945190010293494e+00 5.123855301143750651e+00 -1.202453464544899070e-01 6.502197855191473030e-02 -3.190504563853497344e-01
2.018904109589040985e+01 4.000000000000000083e-02 3.370285751958593951e-02 2.571719107465634813e-01 2.447583540723234641e-01 5.400142914205759759e+00 5.124053028597813864e+00 -1.204430754590707225e-01 6.482424946430305479e-02 -3.192481849234433122e-01
2.018630136986301338e+01 4.000000000000000083e-02 3.345333778996062435e-02 2.569223911177558328e-01 2.445088344219854826e-01 5.399893399524465565e+00 5.123803510645127623e+00 -1.201935559497731010e-01 6.507376905695770597e-02 -3.189986658824650045e-01
2.018356164383561691e+01 4.000000000000000083e-02 3.370285751958594644e-02 2.571719107465634813e-01 2.447583540723234641e-01 5.400142914205759759e+00 5.124053028597813864e+00 -1.204430754590707225e-01 6.482424946430305479e-02 -3.192481849234433122e-01
2.018082191780822043e+01 4.000000000000000083e-02 3.395237724921126854e-02 2.574214303753711297e-01 2.450078737226614456e-01 5.400392428887053953e+00 5.124302546550500104e+00 -1.206925949683683441e-01 6.457472987164840361e-02 -3.194977039644216199e-01
2.017808219178082041e+01 4.000000000000000083e-02 3.441645176212045770e-02 2.578848749675298202e-01 2.452736398198864520e-01 5.413605153486468424e+00 5.128653641221008641e+00 -1.251629618894369578e-01 6.239385042734602038e-02 -3.260445255720226254e-01
2.017260273972602747e+01 4.000000000000000083e-02 3.399643179583623082e-02 2.574642633456145080e-01 2.446672755816432510e-01 5.425057033580814370e+00 5.131881448259015599e+00 -1.285024653779207882e-01 6.120129169524856499e-02 -3.313252266644826083e-01
2.016986301369863099e+01 4.000000000000000083e-02 3.373952962765124769e-02 2.572070679764249523e-01 2.443178824867246468e-01 5.430268054470189121e+00 5.133384070148051315e+00 -1.300575616910534249e-01 6.066885207472031555e-02 -3.337808484922513141e-01
2.016712328767123452e+01 4.000000000000000083e-02 3.405113458557261497e-02 2.575176060458008176e-01 2.442936269828263063e-01 5.452121361906645980e+00 5.140286559659632992e+00 -1.371623161499853361e-01 5.744727972996124116e-02 -3.444045709885468765e-01
2.016438356164383450e+01 4.000000000000000083e-02 3.344258745812973138e-02 2.569084673126847962e-01 2.434987508158924785e-01 5.463384171355083474e+00 5.143325594372622156e+00 -1.403130411519577514e-01 5.644336816068043494e-02 -3.494963978324117648e-01
2.016164383561644158e+01 4.000000000000000083e-02 3.481068091861710262e-02 2.582739606867948123e-01 2.440506879993499800e-01 5.526792131951465237e+00 5.161695920222713951e+00 -1.592351251700186709e-01 4.780162395479312099e-02 -3.783002946585196091e-01
2.015890410958904155e+01 4.000000000000000083e-02 3.461735502253926455e-02 2.580789308661772807e-01 2.433224616159844755e-01 5.567973411560476649e+00 5.172677975853752663e+00 -1.705811045065178944e-01 4.322231513551592907e-02 -3.961818090441567297e-01
2.015342465753424506e+01 4.000000000000000083e-02 3.472876477268872081e-02 2.579345666791140745e-01 2.431122449116696616e-01 5.564426064842800557e+00 5.171192538290312335e+00 -1.692485691147286864e-01 4.398778511230377192e-02 -3.953805840879759947e-01
2.015068493150684859e+01 4.000000000000000083e-02 3.593188914432614289e-02 2.578516385186414572e-01 2.435266385524187394e-01 5.475494523610977105e+00 5.146952205223001897e+00 -1.451295466678170776e-01 5.460949164163068914e-02 -3.627763715666849076e-01
2.014794520547944856e+01 4.000000000000000083e-02 3.699801302660386121e-02 2.567871129049916767e-01 2.445795877247197991e-01 5.433141962882226395e+00 5.130584789710262328e+00 -1.237856629585566554e-01 5.886334502315253292e-02 -3.294865390806647754e-01
2.014520547945205564e+01 4.000000000000000083e-02 3.567083158140577082e-02 2.552256737581902191e-01 2.432174755134376143e-01 5.424152981288007602e+00 5.126695033090442166e+00 -1.195370103025007180e-01 6.116191682385940104e-02 -3.239864278601796710e-01
2.014246575342465917e+01 4.000000000000000083e-02 3.593354903743674333e-02 2.548626284681544951e-01 2.431358578515676883e-01 5.458534444240568106e+00 5.134564544108990880e+00 -1.257392810479314449e-01 5.660927310169934501e-02 -3.328877131997318717e-01
2.013972602739725914e+01 4.000000000000000083e-02 3.676621180236826908e-02 2.541586268720161801e-01 2.437429962044885268e-01 5.440738527465430963e+00 5.125203215593395534e+00 -1.135888829565514097e-01 5.902888958695837185e-02 -3.153448602563998504e-01
2.013424657534246265e+01 4.000000000000000083e-02 3.620053065769360257e-02 2.529982449080534490e-01 2.435408343176525825e-01 5.482289298182536186e+00 5.132673218140964444e+00 -1.173885398171760491e-01 5.410646800273349183e-02 -3.178194934933995519e-01
2.013150684931506973e+01 4.000000000000000083e-02 3.520589344543315069e-02 2.520010564798190189e-01 2.417450101804979323e-01 5.540907682883598362e+00 5.148264372284572232e+00 -1.335145615645317585e-01 4.798106022280208827e-02 -3.434894163856385685e-01
2.012876712328766970e+01 4.000000000000000083e-02 3.543078429310037719e-02 2.519778450251325963e-01 2.416749754410397744e-01 5.552036419608504580e+00 5.150344492397206153e+00 -1.354484119353886462e-01 4.691945093765232527e-02 -3.470868196855108612e-01
2.012602739726027679e+01 4.000000000000000083e-02 3.579594880592937983e-02 2.516237707755890618e-01 2.418629845886936525e-01 5.527760115477677871e+00 5.142671018341333777e+00 -1.267105702472846318e-01 4.963032863292447111e-02 -3.344786582539663877e-01
2.012328767123288031e+01 4.000000000000000083e-02 3.637001979316630690e-02 2.510875089627884749e-01 2.425423643167339549e-01 5.528494340659135808e+00 5.139206802292041409e+00 -1.199214951479966318e-01 4.912963073297357125e-02 -3.227191760000048260e-01
2.012054794520548029e+01 4.000000000000000083e-02 3.686148403533102275e-02 2.488998709225057060e-01 2.438396960585386408e-01 5.537307990277843039e+00 5.133854058146928523e+00 -1.049341676795954997e-01 4.602670256093135959e-02 -2.947652827521018426e-01
2.011232876712328732e+01 4.000000000000000083e-02 3.800386404430880494e-02 2.474769342040620823e-01 2.439264380373186714e-01 5.456050700377369722e+00 5.099194984713543377e+00 -7.025388425031194040e-02 6.240720349386303517e-02 -2.515129720844307415e-01
2.010958904109589085e+01 4.000000000000000083e-02 3.790506792841061984e-02 2.455195010939169586e-01 2.448292285844095029e-01 5.497860706110513362e+00 5.106526959305935698e+00 -6.794996978309518487e-02 5.392940248616941851e-02 -2.403477323653029352e-01
2.010684931506849082e+01 4.000000000000000083e-02 3.748631098974047199e-02 2.440267154239982306e-01 2.456757723843443764e-01 5.571285359317277752e+00 5.125733685777490223e+00 -7.838919706931953002e-02 4.081660080626794279e-02 -2.467641291616166355e-01
2.010410958904109080e+01 4.000000000000000083e-02 3.818112139380902548e-02 2.426572806388803960e-01 2.458970815567249613e-01 5.522301836961378996e+00 5.104582136729421293e+00 -5.473734939765508706e-02 4.981685343095315632e-02 -2.152463503291130176e-01
2.010136986301369433e+01 4.000000000000000083e-02 3.875504147654812437e-02 2.415685352364326521e-01 2.455975376329489757e-01 5.456693948790205972e+00 5.076461869141722261e+00 -2.755316955321191266e-02 6.331827759760400021e-02 -1.817706660226028059e-01
2.009589041095890494e+01 4.000000000000000083e-02 3.880566020324809073e-02 2.402786105451464871e-01 2.463686538856221520e-01 5.488538202651824349e+00 5.084267759526384545e+00 -2.862793355038039875e-02 5.638713474277299437e-02 -1.781413863685221977e-01
2.009315068493150847e+01 4.000000000000000083e-02 3.899155290614234742e-02 2.396544215565572511e-01 2.465158947197229611e-01 5.474652495590782486e+00 5.078211193627160114e+00 -2.093125491041487873e-02 5.843796115502108979e-02 -1.670971358728382539e-01
2.009041095890410844e+01 4.000000000000000083e-02 3.882428825442005293e-02 2.386113404705949570e-01 2.468361450373291188e-01 5.500875826422714887e+00 5.083440801385100016e+00 -2.133135386070691628e-02 5.354611956316325527e-02 -1.636823539061868504e-01
2.008767123287671197e+01 4.000000000000000083e-02 4.017314999783096197e-02 2.378308904790807365e-01 2.470914567028867359e-01 5.416079764035771404e+00 5.048729391481683315e+00 1.229013853081180677e-02 6.982051743037456792e-02 -1.219828710614860035e-01
2.008493150684931550e+01 4.000000000000000083e-02 4.108376412704773523e-02 2.370955785463068621e-01 2.466728126640824192e-01 5.334845615378340788e+00 5.010053659901473999e+00 4.707208162188738360e-02 8.916475088369782420e-02 -8.113887728745168559e-02
2.008219178082191902e+01 4.000000000000000083e-02 4.220572797304773111e-02 2.364970951345372607e-01 2.465259737929854089e-01 5.253509409808798658e+00 4.971463094593175924e+00 8.224070291311015579e-02 1.078591995843088541e-01 -3.911269162078957057e-02
2.007671232876712253e+01 4.000000000000000083e-02 4.237909132791955330e-02 2.361376278347069313e-01 2.463659259011725944e-01 5.230044180852519098e+00 4.960273475208946792e+00 9.273854189326931341e-02 1.131496330600146732e-01 -2.623286724861316130e-02
2.007397260273972961e+01 4.000000000000000083e-02 4.226567644561241704e-02 2.348854596412291995e-01 2.455292757971773154e-01 5.199830017701766671e+00 4.944385637112224785e+00 1.082245424788093879e-01 1.208996332349510927e-01 -8.218565790897200754e-03
2.007123287671232958e+01 4.000000000000000083e-02 4.096591233156722522e-02 2.339525853569526248e-01 2.457981279485258463e-01 5.363772550288990359e+00 5.015373317224049998e+00 4.820323394023572072e-02 8.506656506880261315e-02 -7.990271149052119437e-02
2.006849315068493311e+01 4.000000000000000083e-02 3.993385443563962633e-02 2.331071845613358062e-01 2.456130316837447369e-01 5.448132037662484883e+00 5.052185163463688511e+00 1.748625091373937415e-02 6.718180938438361727e-02 -1.170066118141272205e-01
2.006575342465753309e+01 4.000000000000000083e-02 3.944864793703526523e-02 2.317869970722407358e-01 2.458296008810467170e-01 5.516116057335023193e+00 5.074781516032374817e+00 1.862625291740329725e-03 5.384307855177447588e-02 -1.331930461297430035e-01
2.006301369863013662e+01 4.000000000000000083e-02 4.023568374419022459e-02 2.316867034857173491e-01 2.460295605789448448e-01 5.476050905568301097e+00 5.054389117504272555e+00 2.053326840846499482e-02 6.290390821510967456e-02 -1.101560177696208481e-01
2.005753424657534367e+01 4.000000000000000083e-02 4.010382636571286491e-02 2.312132856343861453e-01 2.460735902467241498e-01 5.491891614031887414e+00 5.057822725870480873e+00 1.909224230785923349e-02 6.028147749091670310e-02 -1.105699364819407587e-01
2.005479452054794365e+01 4.000000000000000083e-02 4.021702555003959373e-02 2.307927710223008078e-01 2.458524687639137563e-01 5.468482168066707949e+00 5.046544931144667956e+00 2.967831247866669839e-02 6.564831639540387453e-02 -9.760332027705362345e-02
2.005205479452054718e+01 4.000000000000000083e-02 3.983617170167132876e-02 2.305211132093717974e-01 2.460896117731801724e-01 5.512145765704926426e+00 5.069748399515251691e+00 1.150040683660778947e-02 5.529157414725143632e-02 -1.196449212507555704e-01
2.004931506849315070e+01 4.000000000000000083e-02 4.057519586034610826e-02 2.296865189494908255e-01 2.458909166741637120e-01 5.449461828036912259e+00 5.040970526231564719e+00 3.880515720818946551e-02 6.943501981622537955e-02 -8.662348047903285775e-02
2.004657534246575423e+01 4.000000000000000083e-02 4.089644310995420307e-02 2.286638517622182898e-01 2.455486518022886311e-01 5.413332549864956711e+00 5.020936707958052025e+00 5.859439371664325324e-02 7.824485250947059434e-02 -6.213932092455335537e-02
2.004383561643836131e+01 4.000000000000000083e-02 4.138911670855893038e-02 2.286302893311374373e-01 2.457468859476729106e-01 5.391113923947932207e+00 5.010605319700103699e+00 6.834718493521478588e-02 8.273688936497546054e-02 -4.984313832393548471e-02
2.003835616438356126e+01 4.000000000000000083e-02 4.156248006343075257e-02 2.282708220313071079e-01 2.455868380558600961e-01 5.367648694991652647e+00 4.999415700315874567e+00 7.884502391537394350e-02 8.802732284068127966e-02 -3.696331395175907197e-02
2.003561643835616479e+01 4.000000000000000083e-02 4.215606413623543269e-02 2.283381047377477657e-01 2.458859155305166966e-01 5.345328868848136850e+00 4.989174009995247516e+00 8.850397666535525509e-02 9.242025256090800889e-02 -2.475404730572090817e-02
2.003287671232876832e+01 4.000000000000000083e-02 4.126708400572559610e-02 2.275707169976778632e-01 2.455208129857485155e-01 5.402438997244190411e+00 5.014596959027288747e+00 6.731851710769427843e-02 8.047515317670718427e-02 -5.081940176014635574e-02
2.003013698630136830e+01 4.000000000000000083e-02 4.113515842980496051e-02 2.273081686104061194e-01 2.454537644076982272e-01 5.422010888809268181e+00 5.021328268614149160e+00 6.194924775480752099e-02 7.681351319584341086e-02 -5.727730170926226272e-02
2.002739726027396827e+01 4.000000000000000083e-02 3.850051999253344820e-02 2.248863429920895662e-01 2.429085369203369260e-01 5.573171836406562996e+00 5.073365378707850759e+00 1.474366106895728425e-02 5.180212047960533472e-02 -1.193555520173470857e-01
2.001917808219178241e+01 4.000000000000000083e-02 3.886167286348717748e-02 2.248063669106485363e-01 2.442120338635004051e-01 5.635692548836489735e+00 5.097661901956501929e+00 -2.431678190007325463e-03 3.803781994880595096e-02 -1.369198045121502172e-01
2.001643835616438238e+01 4.000000000000000083e-02 3.845948026921188617e-02 2.242649633368752338e-01 2.440928536393865977e-01 5.665972660573390662e+00 5.108732507889455654e+00 -1.087105271007769020e-02 3.213746336205736825e-02 -1.464547642212576661e-01
2.001369863013698236e+01 4.000000000000000083e-02 3.773833452327290255e-02 2.230816036366855826e-01 2.446322176947126614e-01 5.761352027201901649e+00 5.146279033249677504e+00 -3.900449843880055001e-02 1.158829087017735661e-02 -1.764595348115586271e-01
2.001095890410958944e+01 4.000000000000000083e-02 3.622762820505008585e-02 2.218881376905108560e-01 2.446113972697290528e-01 5.922474225082916099e+00 5.203078948639361379e+00 -8.690668572634460687e-02 -1.683322310386251019e-02 -2.345647656549460225e-01
2.000821917808219652e+01 4.000000000000000083e-02 3.647945509643140544e-02 2.197401218239733722e-01 2.453646449980073641e-01 5.918611160319886544e+00 5.195132947896836662e+00 -7.166389191739332143e-02 -1.709760756240725696e-02 -2.091052116464585109e-01
2.000547945205479650e+01 4.000000000000000083e-02 3.700018753561896273e-02 2.183830923865220652e-01 2.455241806633499946e-01 5.875877017640270594e+00 5.175391012179820116e+00 -4.930541903445454649e-02 -9.154871489172289670e-03 -1.787321742365205191e-01
2.000000000000000000e+01 4.000000000000000083e-02 3.721201075330245883e-02 2.173817269145074671e-01 2.464815087916253644e-01 5.901251443939133701e+00 5.182287957765967512e+00 -4.906390403015142149e-02 -1.562474575591212868e-02 -1.723707833325222871e-01
1.999726027397260353e+01 4.000000000000000083e-02 3.750870222823337458e-02 2.159480029178560134e-01 2.461567521646141343e-01 5.850338301241976957e+00 5.159261365664780996e+00 -2.512493906901570179e-02 -4.802437965830822983e-03 -1.419762005912016123e-01
1.999452054794520706e+01 4.000000000000000083e-02 3.711848362540255686e-02 2.151228108153503682e-01 2.472322506212608351e-01 5.951068753976104908e+00 5.196018367597157628e+00 -5.194454048934150914e-02 -2.527543135823514045e-02 -1.697458319829291962e-01
1.999178082191780703e+01 4.000000000000000083e-02 3.558623052382821339e-02 2.133627272697121990e-01 2.469834522114791042e-01 6.087968907228064275e+00 5.239572115659444584e+00 -8.671077330244610082e-02 -4.839360536781374400e-02 -2.099397421803406993e-01
1.998904109589041056e+01 4.000000000000000083e-02 3.538364372821146270e-02 2.112431168930466174e-01 2.481524981036929423e-01 6.152787364858406605e+00 5.253674872595135881e+00 -8.987895270995450991e-02 -6.070447901166558385e-02 -2.049639539393821042e-01
1.998630136986301054e+01 4.000000000000000083e-02 3.567400744198626072e-02 2.095718657352717562e-01 2.486006455549455152e-01 6.138325811336605931e+00 5.239812697095079130e+00 -7.258191764209523389e-02 -5.743547717357785215e-02 -1.776275992533407899e-01
1.998082191780821759e+01 4.000000000000000083e-02 3.587879173644577951e-02 2.077014353477118491e-01 2.496053482100548393e-01 6.154984997910376343e+00 5.239761350582702093e+00 -6.384681701985915614e-02 -6.198783688512613660e-02 -1.589982919471279732e-01
1.997808219178082112e+01 4.000000000000000083e-02 3.528073474807546378e-02 2.067570005002105915e-01 2.500607436330800071e-01 6.222784513025089836e+00 5.262228506471763545e+00 -7.967381976048180936e-02 -7.480041472570077288e-02 -1.746604382267485378e-01
1.997534246575342465e+01 4.000000000000000083e-02 3.636804631513674418e-02 2.052039834938803597e-01 2.506720901543436075e-01 6.154676788217776640e+00 5.225431597047873744e+00 -4.352199925026723620e-02 -6.024269325065702285e-02 -1.232910805046549263e-01
1.997260273972602818e+01 4.000000000000000083e-02 3.531975704399699378e-02 2.033859031101018788e-01 2.508397987855766065e-01 6.280032053821446247e+00 5.265073611377923513e+00 -7.331426581295567846e-02 -8.255378433001579752e-02 -1.562223057421473771e-01
1.996986301369863170e+01 4.000000000000000083e-02 3.377068209789636788e-02 2.019357717373501948e-01 2.493086689818068691e-01 6.357421757812757868e+00 5.289819434620405048e+00 -9.585463070148241005e-02 -9.412223257879538674e-02 -1.865059022002184264e-01
1.996712328767123168e+01 4.000000000000000083e-02 3.358509856255370574e-02 2.017742382958471192e-01 2.485090017032606236e-01 6.428368458684952103e+00 5.309513862331495027e+00 -1.154208264957549551e-01 -1.028746968672329815e-01 -2.158694543641823116e-01
1.996164383561643874e+01 4.000000000000000083e-02 3.353259350150007700e-02 2.032214111660132771e-01 2.494501725133184133e-01 6.494751130663147798e+00 5.338344587966577848e+00 -1.543521081948785179e-01 -1.173150469705664251e-01 -2.548196185120139567e-01
1.995890410958903871e+01 4.000000000000000083e-02 3.353515979724098345e-02 2.019909657951302062e-01 2.504281390124847295e-01 6.505562280274241438e+00 5.327631925882394093e+00 -1.194308773562525738e-01 -1.214957009669695442e-01 -1.588999692186917057e-01
1.995616438356163869e+01 4.000000000000000083e-02 3.328860464093443688e-02 2.002870909558466528e-01 2.519231197060000649e-01 6.545481974369770306e+00 5.345735657073728220e+00 -1.287149856816134363e-01 -1.377595670192888755e-01 -1.464200665570386251e-01
1.995342465753424932e+01 4.000000000000000083e-02 3.199480791182068157e-02 1.994792429170374748e-01 2.510554218775575830e-01 6.586963309906550101e+00 5.371938640251982200e+00 -1.621155106269456803e-01 -1.497369257428687317e-01 -1.798756083345915135e-01
1.995068493150684930e+01 4.000000000000000083e-02 3.221651702891874941e-02 1.997837602226054110e-01 2.509504544386673697e-01 6.599518924947097354e+00 5.422296989663455413e+00 -1.960092028883282378e-01 -1.546391648203267188e-01 -2.277260146724716661e-01
1.994794520547945282e+01 4.000000000000000083e-02 3.375566978524936756e-02 2.013229126587442186e-01 2.524896069484427463e-01 6.597979780522528870e+00 5.420757935582122045e+00 -1.975483413323229354e-01 -1.561783167533743188e-01 -2.261869008060303221e-01
1.994246575342465633e+01 4.000000000000000083e-02 3.337546485616560421e-02 2.009427078655373622e-01 2.521094021239875249e-01 6.598359981915953298e+00 5.421138098639066705e+00 -1.971681424768032265e-01 -1.557981121736596586e-01 -2.265670892320194862e-01
1.993972602739725986e+01 4.000000000000000083e-02 3.362498458557137970e-02 2.011922274648985931e-01 2.523589217532560824e-01 6.598110465570449001e+00 5.420888618984326612e+00 -1.974176563933461859e-01 -1.560476315686924464e-01 -2.263175852973128843e-01
1.993698630136986338e+01 4.000000000000000083e-02 3.275904985632784733e-02 2.003262929861785169e-01 2.514929872169209824e-01 6.598976393780790595e+00 5.421754476509362597e+00 -1.965517328622995996e-01 -1.551816974835991958e-01 -2.271834895985723191e-01
1.993424657534246691e+01 4.000000000000000083e-02 3.241439025803874441e-02 1.999628660054611207e-01 2.511395299372769507e-01 6.598922294955317902e+00 5.419121010794635040e+00 -1.888116812228334551e-01 -1.546016984252183146e-01 -2.223238976223003427e-01
1.993150684931506689e+01 4.000000000000000083e-02 3.218007441127282431e-02 1.996383198420201288e-01 2.508629201201508785e-01 6.597246958589892074e+00 5.405456261662412665e+00 -1.510835111226387362e-01 -1.532336544205016304e-01 -1.988481188735610194e-01
1.992876712328767042e+01 4.000000000000000083e-02 3.265897547772882159e-02 2.002900703477203115e-01 2.513323515280810883e-01 6.596967177968103613e+00 5.419255895555498803e+00 -1.572929815980533275e-01 -1.541570915505716954e-01 -2.106882854101508884e-01
1.992328767123288102e+01 4.000000000000000083e-02 3.318243796842731269e-02 2.008099539893540841e-01 2.517839094070793426e-01 6.598275063274708252e+00 5.429165956215577182e+00 -1.651986129276333259e-01 -1.553810960967873245e-01 -2.234287689925260612e-01
1.992054794520548100e+01 4.000000000000000083e-02 3.324757562078236445e-02 2.008578811967908773e-01 2.518409789162781576e-01 6.597843822205797792e+00 5.426348216315675543e+00 -1.586563903231886785e-01 -1.552305575605125720e-01 -2.185299712642861103e-01
1.991780821917808098e+01 4.000000000000000083e-02 3.454108284717899435e-02 2.021513881038293492e-01 2.531344858967617961e-01 6.596550323289473106e+00 5.425054807507391885e+00 -1.599498832745062382e-01 -1.565240639657694832e-01 -2.172365028265410281e-01
1.991506849315068450e+01 4.000000000000000083e-02 3.429156311777321886e-02 2.019018685044681183e-01 2.528849662674932386e-01 6.596799839634977403e+00 5.425304287162131978e+00 -1.597003693579632788e-01 -1.562745445707366954e-01 -2.174860067612476300e-01
1.991232876712328803e+01 4.000000000000000083e-02 3.447436708334938177e-02 2.020846723399317146e-01 2.530677701328796214e-01 6.596617039055070464e+00 5.425121523292187220e+00 -1.598831675076353986e-01 -1.564573482017648232e-01 -2.173032185986341902e-01
1.990958904109589156e+01 4.000000000000000083e-02 3.513484603995029043e-02 2.027451510517948863e-01 2.537282489010271869e-01 6.595956566466822935e+00 5.424461119756664118e+00 -1.605436355246595559e-01 -1.571178265290917309e-01 -2.166427693672767496e-01
1.990136986301369859e+01 4.000000000000000083e-02 3.538436576935606592e-02 2.029946706511561172e-01 2.539777685302957444e-01 6.595707050121318638e+00 5.424211640101924026e+00 -1.607931494412025430e-01 -1.573673459241245187e-01 -2.163932654325701477e-01
1.989863013698630567e+01 4.000000000000000083e-02 3.604484472595697458e-02 2.036551493630192888e-01 2.546382472984433099e-01 6.595046577533071108e+00 5.423551236566400924e+00 -1.614536174582267281e-01 -1.580278242514514264e-01 -2.157328162012127071e-01
1.989589041095890565e+01 4.000000000000000083e-02 3.635561285362861467e-02 2.039659173411653426e-01 2.549490153109770230e-01 6.594735813296215277e+00 5.423240514517152278e+00 -1.617643789022515655e-01 -1.583385919946604381e-01 -2.154220662343848958e-01
1.989315068493150562e+01 4.000000000000000083e-02 3.573208096619384655e-02 2.033423856801466201e-01 2.543254835978877582e-01 6.595359339292039103e+00 5.423863976629898609e+00 -1.611408571354389085e-01 -1.577150606893915896e-01 -2.160455706218844529e-01
1.989041095890410915e+01 4.000000000000000083e-02 3.639255992279475521e-02 2.040028643920097917e-01 2.549859623660353236e-01 6.594698866703791573e+00 5.423203573094375507e+00 -1.618013251524630935e-01 -1.583755390167184973e-01 -2.153851213905270123e-01
1.988219178082191974e+01 4.000000000000000083e-02 3.664207965220052376e-02 2.042523839913710226e-01 2.552354819953038811e-01 6.594449350358287276e+00 5.422954093439635415e+00 -1.620508390690060807e-01 -1.586250584117512852e-01 -2.151356174558204104e-01
1.987945205479451971e+01 4.000000000000000083e-02 3.510292689586989867e-02 2.027132315552322150e-01 2.536963294855285045e-01 6.595988494782855760e+00 5.424493147520968783e+00 -1.605117006250113831e-01 -1.570859064787036852e-01 -2.166747313222617544e-01
1.987671232876712324e+01 4.000000000000000083e-02 3.513784944448664072e-02 2.027481542318183838e-01 2.537312521326847703e-01 6.595953568904336706e+00 5.424458185537273103e+00 -1.605466288937284214e-01 -1.571208293563575720e-01 -2.166397932310077934e-01
1.987397260273972677e+01 4.000000000000000083e-02 3.463040178790949275e-02 2.022407067145870485e-01 2.532238045834072637e-01 6.596461012934983437e+00 5.424965590252625702e+00 -1.600391874657730307e-01 -1.566133820580687952e-01 -2.171472239631568879e-01
1.987123287671233030e+01 4.000000000000000083e-02 3.371513140155139865e-02 2.013254365827338299e-01 2.523085343930236979e-01 6.597376276698832420e+00 5.425880782207739728e+00 -1.591239284555805711e-01 -1.556981123260983146e-01 -2.180624634379424442e-01
1.986575342465753025e+01 4.000000000000000083e-02 3.390797303468109231e-02 2.015071087690783747e-01 2.524961395484693338e-01 6.596945253932370967e+00 5.423868332904548950e+00 -1.551817318060378648e-01 -1.557511582383366844e-01 -2.146268718383637641e-01
1.986301369863013733e+01 4.000000000000000083e-02 3.359205958654581242e-02 2.011836756637162271e-01 2.521767009415183947e-01 6.597101050218580731e+00 5.422972027630876823e+00 -1.520027535133389729e-01 -1.553410502829071782e-01 -2.127973245466514285e-01
1.986027397260274086e+01 4.000000000000000083e-02 3.425253854314672108e-02 2.018441543755793988e-01 2.528371797096659601e-01 6.596440577630333202e+00 5.422311624095353721e+00 -1.526632215303631579e-01 -1.560015286102340859e-01 -2.121368753152939879e-01
1.985753424657534083e+01 4.000000000000000083e-02 3.359205958654581242e-02 2.011836756637162271e-01 2.521767009415183947e-01 6.597101050218580731e+00 5.422972027630876823e+00 -1.520027535133389729e-01 -1.553410502829071782e-01 -2.127973245466514285e-01
1.985479452054794436e+01 4.000000000000000083e-02 3.276676756140974728e-02 1.983750372007795082e-01 2.520083937407791574e-01 6.618887559123453279e+00 5.329337557119586677e+00 -1.404580389929469264e-01 -1.613630857484707193e-01 -1.576374513257913779e-01
1.985205479452054789e+01 4.000000000000000083e-02 3.304093456717988042e-02 1.970283094339540797e-01 2.527428247860692423e-01 6.625676520657784785e+00 5.277945047168441484e+00 -1.275980951863567858e-01 -1.640907776626378545e-01 -1.210793411305178952e-01
1.984383561643835492e+01 4.000000000000000083e-02 3.341860511046697291e-02 1.964470669891943133e-01 2.536725826800310113e-01 6.628091284412008122e+00 5.266086403405441096e+00 -1.110629378692297442e-01 -1.662124152847582748e-01 -9.404719361464786154e-02
1.984109589041095845e+01 4.000000000000000083e-02 3.332077953589029917e-02 1.955013383057236653e-01 2.544854285757325307e-01 6.641660636716888888e+00 5.259184974368819709e+00 -1.024058884216409171e-01 -1.698255444855458485e-01 -7.140108152532230468e-02
1.983835616438355842e+01 4.000000000000000083e-02 3.194605965385777235e-02 1.950572631599782059e-01 2.541445367420824830e-01 6.743529416988256031e+00 5.289976136568969700e+00 -1.705755827952023240e-01 -1.970860892430297551e-01 -1.321039358514705386e-01
1.983561643835616906e+01 4.000000000000000083e-02 3.218818687455718419e-02 1.928785744711339067e-01 2.546811945852782144e-01 6.764468762100686483e+00 5.210779220547935964e+00 -1.661716335750010043e-01 -2.030148188190251113e-01 -9.294197881340504619e-02
1.983287671232876548e+01 4.000000000000000083e-02 3.287074764389825987e-02 1.910175780609911500e-01 2.554767578167313480e-01 6.756135628127371007e+00 5.171905898861961504e+00 -1.195855408574766493e-01 -1.972988492138469385e-01 -3.375720843480102540e-02
1.982739726027397253e+01 4.000000000000000083e-02 3.297282972607607637e-02 1.903975271786021994e-01 2.560611236942390567e-01 6.762814546597662790e+00 5.177518964614766794e+00 -1.184267726973711604e-01 -2.045771554608089848e-01 -2.480098170547865785e-02
1.982465753424657606e+01 4.000000000000000083e-02 3.315608267188052682e-02 1.897036222245333525e-01 2.562709417967090619e-01 6.762505198130592809e+00 5.167810154419870017e+00 -1.057028779730616597e-01 -2.058195755657575010e-01 -8.632509131369455260e-03
1.982191780821917959e+01 4.000000000000000083e-02 3.240102420754071427e-02 1.886329787135764269e-01 2.558181633294474566e-01 6.817806743590054452e+00 5.170260588643095012e+00 -1.425072952918959024e-01 -2.188458748255563968e-01 -3.553083924362877150e-02
1.981917808219177957e+01 4.000000000000000083e-02 3.221337103533624541e-02 1.863973442307903239e-01 2.559766369578157508e-01 6.838004287471692422e+00 5.118173003731035564e+00 -1.502884703134207411e-01 -2.260135802170878394e-01 -1.691951622737036115e-02
1.981643835616438309e+01 4.000000000000000083e-02 3.198099320114361488e-02 1.840115089394716297e-01 2.563652375891378732e-01 6.857190133210167460e+00 5.053844416060594646e+00 -1.547561178647193225e-01 -2.353707048249361056e-01 1.076309031498875676e-02
