1.517808219178082174e+00 0.000000000000000000e+00 3.734184380145029736e-01 -3.634184762687442394e-01 9.963178433829747860e+01 9.963166740848659231e+01 6.684175065672804950e-01 6.684177860724577203e-01 3.684078999240473773e-01
1.515068493150685036e+00 0.000000000000000000e+00 5.693767631623545267e-01 -5.585036018408262581e-01 9.943074597871974163e+01 9.944832906466488964e+01 8.708400322273570637e-01 8.713181248066370621e-01 5.695720366224805709e-01
1.512328767123287676e+00 0.000000000000000000e+00 6.263299185095559940e-01 -6.124610171322251162e-01 9.935727333011183759e+01 9.943841421750262555e+01 9.483411551309159915e-01 9.502194440573359380e-01 6.433117628618403305e-01
1.506849315068493178e+00 0.000000000000000000e+00 6.262640559083612057e-01 -6.123973767236567944e-01 9.935734935496468268e+01 9.943842831611489430e+01 9.482631099873785052e-01 9.501407347940005188e-01 6.432355954285035038e-01
1.504109589041095818e+00 0.000000000000000000e+00 6.369174808639330720e-01 -6.227495900085748826e-01 9.934539669726682121e+01 9.943595839335753794e+01 9.604584685569831359e-01 9.624145895558186004e-01 6.552058107368290418e-01
1.501369863013698902e+00 0.000000000000000000e+00 6.480478294264984118e-01 -6.336428477428049932e-01 9.933330176627225683e+01 9.943299748822192896e+01 9.727238481362571187e-01 9.747343072029772681e-01 6.673135021172402759e-01
1.498630136986301098e+00 0.000000000000000000e+00 6.353329909420385446e-01 -6.211360250650744819e-01 9.934683032545328274e+01 9.943682924393760914e+01 9.590563929718489700e-01 9.610230200583181892e-01 6.537741720764584930e-01
1.495890410958904182e+00 0.000000000000000000e+00 6.441839693002407996e-01 -6.298736380248042277e-01 9.933754783518324416e+01 9.943384454913667980e+01 9.684109418081708887e-01 9.704001269045063882e-01 6.630624641655312734e-01
1.493150684931506822e+00 0.000000000000000000e+00 6.828357660616948266e-01 -6.681489618629631311e-01 9.929749593731497725e+01 9.941912761611730787e+01 1.008692948963793246e+00 1.010753565121946584e+00 7.031338329709837520e-01
1.487671232876712324e+00 0.000000000000000000e+00 6.897318161345588061e-01 -6.749898619099033992e-01 9.929039747633576951e+01 9.941627152940863255e+01 1.015824445044239965e+00 1.017895252759442259e+00 7.102352088028475174e-01
1.484931506849314964e+00 0.000000000000000000e+00 6.741844744986724702e-01 -6.595407979698448830e-01 9.930630090035103308e+01 9.942336112509705970e+01 9.998631429817550487e-01 1.001916236246785274e+00 6.943263744450449693e-01
1.482191780821917826e+00 0.000000000000000000e+00 6.929831401883107533e-01 -6.782441292686862688e-01 9.928716021482304654e+01 9.941402069179360979e+01 1.019059421935179399e+00 1.021129388346793787e+00 7.134725922223951189e-01
1.479452054794520466e+00 0.000000000000000000e+00 6.898262249522996159e-01 -6.751004490001532021e-01 9.929036426549839689e+01 9.941570334937054554e+01 1.015847687479615402e+00 1.017915341065185775e+00 7.102677286683364288e-01
1.476712328767123106e+00 0.000000000000000000e+00 7.577787978857735141e-01 -7.428392637892908823e-01 9.922165754335269128e+01 9.937570122044401444e+01 1.084678536790061321e+00 1.086782996472350771e+00 7.789890408533227673e-01
1.473972602739725968e+00 0.000000000000000000e+00 7.498484622139145461e-01 -7.349304703365636682e-01 9.922966354645512865e+01 9.938059226237443511e+01 1.076659986667881430e+00 1.078760759797313673e+00 7.709814718340232131e-01
1.465753424657534332e+00 0.000000000000000000e+00 7.611256264980705843e-01 -7.461828933984575585e-01 9.921830000248752413e+01 9.937317958305702348e+01 1.088038059716810446e+00 1.090143036073337512e+00 7.823470086189893147e-01
1.463013698630136972e+00 0.000000000000000000e+00 7.543808139957649539e-01 -7.394501359821100683e-01 9.922508666352646856e+01 9.937786732177488602e+01 1.081244232562520891e+00 1.083347172397550739e+00 7.755592633782939505e-01
1.460273972602739834e+00 0.000000000000000000e+00 7.328587470119786174e-01 -7.179589321340679176e-01 9.924671519424742883e+01 9.939365457962584571e+01 1.059597018740393137e+00 1.061694769909405034e+00 7.539275689645512646e-01
1.457534246575342474e+00 0.000000000000000000e+00 7.164483293795675944e-01 -7.015677947686899119e-01 9.926319171209263459e+01 9.940622891379763360e+01 1.043108576448231517e+00 1.045203097548389248e+00 7.374488031137635957e-01
1.454794520547945114e+00 0.000000000000000000e+00 7.108377563181579317e-01 -6.959626738320849881e-01 9.926882085642057518e+01 9.941069022436938951e+01 1.037475973624971681e+00 1.039569583763240379e+00 7.318189339970597729e-01
1.446575342465753700e+00 0.000000000000000000e+00 7.104829990076402257e-01 -6.956081952624706410e-01 9.926917655536708196e+01 9.941098283303098526e+01 1.037120091625541862e+00 1.039213655300123218e+00 7.314631917457582455e-01
1.443835616438355895e+00 0.000000000000000000e+00 7.393338379980133324e-01 -7.244408415670591239e-01 9.924026488041253913e+01 9.938640070907054280e+01 1.066044246967666087e+00 1.068140837368472873e+00 7.603782179764249083e-01
1.441095890410958980e+00 0.000000000000000000e+00 7.468257290327117159e-01 -7.319287785209002140e-01 9.923275989546215214e+01 9.937986996765465619e+01 1.073552060155677834e+00 1.075649307629683360e+00 7.678840439305486543e-01
1.438356164383561620e+00 0.000000000000000000e+00 7.115891425314866403e-01 -6.967069257198408305e-01 9.926804452219360542e+01 9.941138078008782486e+01 1.038256195759682310e+00 1.040350997548371126e+00 7.325956080485767075e-01
1.435616438356164482e+00 0.000000000000000000e+00 7.343410446943656744e-01 -7.194509512141616936e-01 9.924526733185319927e+01 9.939067563898875335e+01 1.061039769609467109e+00 1.063135878103148579e+00 7.553751960549606181e-01
1.430136986301369761e+00 0.000000000000000000e+00 7.216420653894287662e-01 -7.067556108576954488e-01 9.925797777607617434e+01 9.940240659295784553e+01 1.048326165526087372e+00 1.050421670531326068e+00 7.426634421576523426e-01
1.427397260273972623e+00 0.000000000000000000e+00 7.103796310138255077e-01 -6.954958205974219876e-01 9.926924833979013840e+01 9.941295058116543260e+01 1.037053109334356016e+00 1.039148175870134416e+00 7.313917389028413707e-01
1.424657534246575263e+00 0.000000000000000000e+00 6.755024224284208456e-01 -6.606251487087211327e-01 9.930414495373950956e+01 9.944601539082501063e+01 1.002149653325256518e+00 1.004243635632418696e+00 6.964916582242789422e-01
1.421917808219177903e+00 0.000000000000000000e+00 7.094096780887864107e-01 -6.945272074505757232e-01 9.927022287543331913e+01 9.941357140651356872e+01 1.036077769420146621e+00 1.038172614171015695e+00 7.304170632981848987e-01
1.419178082191780765e+00 0.000000000000000000e+00 7.099316807620272840e-01 -6.950491427075344841e-01 9.926970068850610573e+01 9.941306860332051087e+01 1.036600042628654128e+00 1.038694898575028391e+00 7.309393009679276965e-01
1.416438356164383627e+00 0.000000000000000000e+00 7.030422173076700254e-01 -6.881604089690239734e-01 9.927659202534671579e+01 9.941974776438890160e+01 1.029707651787482137e+00 1.031802386422690843e+00 7.240473004332523832e-01
1.410958904109589129e+00 0.000000000000000000e+00 6.978410114070773274e-01 -6.829596545642417915e-01 9.928179429884578155e+01 9.942481746104117235e+01 1.024504635176529455e+00 1.026599294644236604e+00 7.188445296097419890e-01
1.408219178082191769e+00 0.000000000000000000e+00 7.130847962519566430e-01 -6.982023695298233967e-01 9.926654826860379899e+01 9.940988856224868186e+01 1.039752709314625934e+00 1.041847547260970064e+00 7.340920079105585083e-01
1.405479452054794631e+00 0.000000000000000000e+00 7.293366822842624053e-01 -7.144533229175584754e-01 9.925029471381641599e+01 9.939391374673664359e+01 1.056008333184527581e+00 1.058103327094476409e+00 7.503470987172820017e-01
1.402739726027397271e+00 0.000000000000000000e+00 7.357636919099955763e-01 -7.208800283585390378e-01 9.924386726959237137e+01 9.938757790184283181e+01 1.062436561481842068e+00 1.064531606407079334e+00 7.567751479549630345e-01
1.399999999999999911e+00 0.000000000000000000e+00 7.393668507928745637e-01 -7.244830479224645403e-01 9.924026397586125370e+01 9.938401689133350203e+01 1.066040278288612919e+00 1.068135346666827079e+00 7.603787797029235573e-01
1.397260273972602773e+00 0.000000000000000000e+00 7.403842340208289796e-01 -7.255003980711220990e-01 9.923924657636972313e+01 9.938300960150361618e+01 1.067057793932070231e+00 1.069152867900553305e+00 7.613962744017633844e-01
1.391780821917808497e+00 0.000000000000000000e+00 7.394162902965882855e-01 -7.245324786600435552e-01 9.924021451062081667e+01 9.938397002359324972e+01 1.066089752955211134e+00 1.068184822785113397e+00 7.604282498380871003e-01
1.389041095890410915e+00 0.000000000000000000e+00 7.625101417790782765e-01 -7.476258476448531809e-01 9.921712122518017907e+01 9.936102713544704557e+01 1.089185533181065368e+00 1.091280685668701400e+00 7.835236863567657251e-01
1.386301369863013777e+00 0.000000000000000000e+00 7.797437374394483589e-01 -7.648591467381862241e-01 9.919988827315386004e+01 9.934388758323807167e+01 1.106420313384592458e+00 1.108515517091418934e+00 8.007582412280092043e-01
1.383561643835616417e+00 0.000000000000000000e+00 7.832618196471705652e-01 -7.683771787510305096e-01 9.919637035838749739e+01 9.934038565727698256e+01 1.109938595892356217e+00 1.112033808350182174e+00 8.042764828129365107e-01
1.380821917808219279e+00 0.000000000000000000e+00 7.526849484224387155e-01 -7.378006550588519508e-01 9.922694546518839331e+01 9.937084826131109594e+01 1.079360339781137323e+00 1.081455490800712793e+00 7.736985388435486666e-01
1.378082191780821919e+00 0.000000000000000000e+00 7.561436782720708516e-01 -7.412593515437345681e-01 9.922348695564109278e+01 9.936740070055665797e+01 1.082819202425296501e+00 1.084914359414743457e+00 7.771573690969570958e-01
1.372602739726027421e+00 0.000000000000000000e+00 7.540698468889667216e-01 -7.391855363391250933e-01 9.922556064160040989e+01 9.936946896711764055e+01 1.080745306772092240e+00 1.082840460812509065e+00 7.750834909877013512e-01
1.369863013698630061e+00 0.000000000000000000e+00 8.001335347978640877e-01 -7.852489417599061161e-01 9.917950045160917227e+01 9.932350611054103240e+01 1.126810113868512486e+00 1.128905320749237218e+00 8.211479461073903918e-01
1.367123287671232923e+00 0.000000000000000000e+00 8.198305287124822982e-01 -8.049457874655924217e-01 9.915982301549273359e+01 9.930395455352508804e+01 1.146507654385622521e+00 1.148602749239463927e+00 8.408447546266417660e-01
1.364383561643835563e+00 0.000000000000000000e+00 8.049921445452921098e-01 -7.901096301031718117e-01 9.917377869722255923e+01 9.931230055761388087e+01 1.131662296934721423e+00 1.133763491861250694e+00 8.260270039192928460e-01
1.361643835616438425e+00 0.000000000000000000e+00 8.094226157985705550e-01 -7.945402638053439270e-01 9.916928113592192062e+01 9.930757342839638113e+01 1.136092275754551739e+00 1.138193977756319697e+00 8.304592177941237940e-01
1.358904109589041065e+00 0.000000000000000000e+00 8.287929735842969325e-01 -8.139079471358587892e-01 9.915097291805859925e+01 9.929577854615855870e+01 1.155470989583730956e+00 1.157565301569582150e+00 8.498045121634663079e-01
1.353424657534246567e+00 0.000000000000000000e+00 8.250167357141204860e-01 -8.101325693548666607e-01 9.915439813132910274e+01 9.929684528624638062e+01 1.151692072072938222e+00 1.153788786525183019e+00 8.460364398493857019e-01
1.350684931506849207e+00 0.000000000000000000e+00 8.306101659107358870e-01 -8.157249502638702632e-01 9.914924351894708821e+01 9.929511921603867108e+01 1.157288770223820595e+00 1.159382554588771486e+00 8.516198978818354526e-01
1.347945205479452069e+00 0.000000000000000000e+00 8.501735939194378089e-01 -8.352854025003729754e-01 9.913095255884825008e+01 9.928848892523963343e+01 1.176861462864132069e+00 1.178946939774153435e+00 8.711550122817065533e-01
1.345205479452054709e+00 0.000000000000000000e+00 8.407384600829109766e-01 -8.258514604365189138e-01 9.913986954958635067e+01 9.929195793662056246e+01 1.167422619739038270e+00 1.169511423023890551e+00 8.617312301130075625e-01
1.342465753424657571e+00 0.000000000000000000e+00 8.405968868020866624e-01 -8.257099019311360255e-01 9.914000460563192973e+01 9.929201443339331945e+01 1.167281000485287157e+00 1.169369845002231401e+00 8.615897977396368423e-01
1.339726027397260211e+00 0.000000000000000000e+00 8.565389401810780123e-01 -8.416506028068537759e-01 9.912466723380715905e+01 9.928508993710197217e+01 1.183227260593883612e+00 1.185312331566351629e+00 8.775189335771457211e-01
1.334246575342465491e+00 0.000000000000000000e+00 8.719219219335910820e-01 -8.570325139002274994e-01 9.910976810666805648e+01 9.927786107128993365e+01 1.198613571217260088e+00 1.200695655518746019e+00 8.928916728205052999e-01
1.331506849315068575e+00 0.000000000000000000e+00 8.571180345776592269e-01 -8.422294748485581461e-01 9.912418513877682358e+01 9.928535142192363594e+01 1.183807047400893708e+00 1.185891497704862019e+00 8.780959161224723974e-01
1.328767123287671215e+00 0.000000000000000000e+00 8.858786579351374257e-01 -8.709887651480842097e-01 9.909603761266828315e+01 9.926964084173243918e+01 1.212571811687857437e+00 1.214652544659137190e+00 9.068437313497687002e-01
1.326027397260274077e+00 0.000000000000000000e+00 8.824113160784374799e-01 -8.675215585894066050e-01 9.909944235085458786e+01 9.927164941260866726e+01 1.209104049750799659e+00 1.211185159950159518e+00 9.033776925135555969e-01
1.323287671232876717e+00 0.000000000000000000e+00 8.810791973429832336e-01 -8.661894826313133455e-01 9.910075455359287844e+01 9.927247082037683867e+01 1.207771798281954689e+00 1.209853027726374153e+00 9.020459870588366513e-01
1.320547945205479357e+00 0.000000000000000000e+00 8.854177944807468670e-01 -8.705279660113767193e-01 9.909646923210625857e+01 9.926962981866016378e+01 1.212110748119914927e+00 1.214191660530166583e+00 9.063834808015218680e-01
1.315068493150684859e+00 0.000000000000000000e+00 8.846608522401026020e-01 -8.697710397547683270e-01 9.909721864451489637e+01 9.927015566837609128e+01 1.211353756372011370e+00 1.213434713315728386e+00 9.056266943997040020e-01
1.312328767123287498e+00 0.000000000000000000e+00 8.891222501221788255e-01 -8.742323593798682069e-01 9.909279429845886966e+01 9.926691271012411732e+01 1.215815396382570190e+00 1.217896135356394849e+00 9.100873252095705856e-01
1.309589041095890360e+00 0.000000000000000000e+00 8.940786766255981455e-01 -8.791887142590033566e-01 9.908787196393221564e+01 9.926315123412489072e+01 1.220772044198580986e+00 1.222852583748029742e+00 9.150430449356820040e-01
1.306849315068493222e+00 0.000000000000000000e+00 8.906321778355410501e-01 -8.757422561208498824e-01 9.909129899947404851e+01 9.926587459573180183e+01 1.217325420010195280e+00 1.219406072696430865e+00 9.115969507085363022e-01
1.304109589041096084e+00 0.000000000000000000e+00 9.023428065226668515e-01 -8.874527726006848916e-01 9.907964244723244462e+01 9.925627939372304809e+01 1.229036394086920447e+00 1.231116734667253576e+00 9.233064508837209861e-01
1.295890410958904004e+00 0.000000000000000000e+00 9.024761498671218796e-01 -8.875861148059513983e-01 9.907950965513229846e+01 9.925616822205890344e+01 1.229169740933132582e+00 1.231250078345937027e+00 9.234397826931068920e-01
1.293150684931506866e+00 0.000000000000000000e+00 9.066132212943867064e-01 -8.917231594422838636e-01 9.907538568871808593e+01 9.925258388268116505e+01 1.233306894379683216e+00 1.235387157378087908e+00 9.275765774580637668e-01
1.290410958904109506e+00 0.000000000000000000e+00 9.268274797978576229e-01 -9.119373132568232565e-01 9.905522318601046550e+01 9.923462159529111659e+01 1.253521472036887907e+00 1.255601444566190716e+00 9.477897331010806115e-01
1.287671232876712368e+00 0.000000000000000000e+00 9.233211551257348715e-01 -9.084310038223868400e-01 9.905872190340927830e+01 9.923779052186350214e+01 1.250015101098859382e+00 1.252095115862819519e+00 9.442835719850954934e-01
1.284931506849315008e+00 0.000000000000000000e+00 9.336259156240407364e-01 -9.187357281470662773e-01 9.904843545766853197e+01 9.922831199378398992e+01 1.260319970772064924e+00 1.262399885425963264e+00 9.545879335606826110e-01
1.282191780821918092e+00 0.000000000000000000e+00 9.409602927474965961e-01 -9.260700841616998913e-01 9.904111193608549968e+01 9.922147236340516940e+01 1.267654411164659933e+00 1.269734267502220515e+00 9.619220707958151539e-01
1.276712328767123372e+00 0.000000000000000000e+00 9.378085472099783049e-01 -9.229183460963474861e-01 9.904425976885698901e+01 9.922444489989520378e+01 1.264502643415478689e+00 1.266582520353155550e+00 9.587704131599811275e-01
1.273972602739726012e+00 0.000000000000000000e+00 9.255548870955939700e-01 -9.106647094353538252e-01 9.905650085162592688e+01 9.923612265746992023e+01 1.252248914368127464e+00 1.254328855782607555e+00 9.465170416362734818e-01
1.271232876712328874e+00 0.000000000000000000e+00 9.594789320499726992e-01 -9.445887025347858845e-01 9.902260546794641982e+01 9.920350241016016923e+01 1.286173109462838360e+00 1.288252908847354439e+00 9.804404118136120783e-01
1.268493150684931514e+00 0.000000000000000000e+00 9.503810760969209070e-01 -9.354908582086406410e-01 9.903169671172041433e+01 9.921230240287975732e+01 1.277075220340669448e+00 1.279155051456125403e+00 9.713427151729625564e-01
1.265753424657534154e+00 0.000000000000000000e+00 9.476443095189350796e-01 -9.327540945166972186e-01 9.903443177751904614e+01 9.921496369697069895e+01 1.274338445688325328e+00 1.276418284643176415e+00 9.686059907107376077e-01
1.263013698630137016e+00 0.000000000000000000e+00 9.602730433290339596e-01 -9.453828176506479108e-01 9.902180964636872318e+01 9.920262122848227193e+01 1.286967208535541030e+00 1.289047018683714851e+00 9.812345552657205650e-01
1.257534246575342296e+00 0.000000000000000000e+00 9.705081892692244416e-01 -9.556179564982200114e-01 9.901157911584819260e+01 9.919258099683051455e+01 1.297202373153497845e+00 1.299282164306410969e+00 9.914695788470367921e-01
1.254794520547945158e+00 0.000000000000000000e+00 9.562286397315984399e-01 -9.413384149611044860e-01 9.902585312005135165e+01 9.920663414242089573e+01 1.282922803455269767e+00 1.285002615824187178e+00 9.771901820226573943e-01
1.252054794520548020e+00 0.000000000000000000e+00 9.791677523352406709e-01 -9.642775172582118692e-01 9.900292171446756129e+01 9.918399700977992950e+01 1.305861940521590103e+00 1.307941725909524511e+00 1.000129073481487607e+00
1.249315068493150882e+00 0.000000000000000000e+00 9.657052397653899112e-01 -9.508150096374592408e-01 9.901638022284612362e+01 9.919730914717990800e+01 1.292399417017734864e+00 1.294479215173048425e+00 9.866666802534931335e-01
1.246575342465753522e+00 0.000000000000000000e+00 9.347457679828885535e-01 -9.198555468838173210e-01 9.904733159653761732e+01 9.922798058689738809e+01 1.261439927412918216e+00 1.263519748367127882e+00 9.557074605759398045e-01
1.243835616438356162e+00 0.000000000000000000e+00 9.310414154025792310e-01 -9.161511951981200497e-01 9.905103506782093348e+01 9.923165505897122785e+01 1.257735573278174090e+00 1.259815396442302449e+00 9.520031363966219295e-01
1.238356164383561664e+00 0.000000000000000000e+00 9.301263324286761502e-01 -9.152361124025156780e-01 9.905194995324309559e+01 9.923256381808585047e+01 1.256820490053181860e+00 1.258900313644122360e+00 9.510880600330664514e-01
1.235616438356164304e+00 0.000000000000000000e+00 9.211930558673938618e-01 -9.063028372178986158e-01 9.906088147304787128e+01 9.924144440217138197e+01 1.247887212173446780e+00 1.249967038915943851e+00 9.421548445472430755e-01
1.232876712328767166e+00 0.000000000000000000e+00 9.479301384215700343e-01 -9.330399165637667247e-01 9.903414921787398839e+01 9.921484230063261123e+01 1.274624295834951404e+00 1.276704115688888530e+00 9.688917529661501549e-01
1.230136986301369806e+00 0.000000000000000000e+00 9.471772635116233463e-01 -9.322870417261818199e-01 9.903490196534022516e+01 9.921559182369533403e+01 1.273871420949783451e+00 1.275951240947542198e+00 9.681388827888268711e-01
1.227397260273972890e+00 0.000000000000000000e+00 9.428544209381614083e-01 -9.279641994793468296e-01 9.903922411811275595e+01 9.921989764343645390e+01 1.269548578795195448e+00 1.271628399370878792e+00 9.638160665450616893e-01
1.224657534246575308e+00 0.000000000000000000e+00 9.525281909794838242e-01 -9.376379689646563431e-01 9.902955180913951949e+01 9.921025758546132067e+01 1.279222347354684652e+00 1.281302167124998892e+00 9.734897793264648547e-01
1.219178082191780810e+00 0.000000000000000000e+00 9.470860437412538246e-01 -9.321958219632501264e-01 9.903499317029721283e+01 9.921568267286241394e+01 1.273780201186551775e+00 1.275860021198029104e+00 9.680476635792517603e-01
1.216438356164383672e+00 0.000000000000000000e+00 9.626430296891427263e-01 -9.477528074263412705e-01 9.901943834070537775e+01 9.920016962908273683e+01 1.289337183477235804e+00 1.291417003335406433e+00 9.836045613319324143e-01
1.213698630136986312e+00 0.000000000000000000e+00 9.889479435706556298e-01 -9.740577207529736992e-01 9.899313694789995566e+01 9.917393236064982887e+01 1.315642090350491955e+00 1.317721910688212095e+00 1.009909328601898082e+00
1.210958904109588952e+00 0.000000000000000000e+00 9.809479669705276628e-01 -9.660577442659677994e-01 9.900113587992066755e+01 9.918191316339652985e+01 1.307642116054907433e+00 1.309721936091608585e+00 1.001909396061605451e+00
1.208219178082191814e+00 0.000000000000000000e+00 9.673225521681761974e-01 -9.524323295653334132e-01 9.901475955855852362e+01 9.919550820972283134e+01 1.294016705460708572e+00 1.296096524731019661e+00 9.882840554373327757e-01
1.205479452054794454e+00 0.000000000000000000e+00 9.553696595282371584e-01 -9.404794369521503050e-01 9.902671095764711140e+01 9.920743603401503208e+01 1.282063816706829895e+00 1.284143635130561290e+00 9.763312272767336042e-01
1.199999999999999956e+00 0.000000000000000000e+00 9.611458964765650093e-01 -9.462556739115911553e-01 9.902093543110473206e+01 9.920167130598083816e+01 1.287840051702377586e+00 1.289919870602287411e+00 9.821074332937761442e-01
1.197260273972602818e+00 0.000000000000000000e+00 9.653806319165189054e-01 -9.504904093742267968e-01 9.901670120962258181e+01 9.919744464204990209e+01 1.292074785665452641e+00 1.294154604955001231e+00 9.863421461950997449e-01
1.194520547945205680e+00 0.000000000000000000e+00 9.591414451976116862e-01 -9.442512226034487366e-01 9.902293964782195701e+01 9.920367240155646016e+01 1.285835601179918575e+00 1.287915419843927767e+00 9.801029925079053351e-01
1.191780821917808320e+00 0.000000000000000000e+00 9.580553395498759839e-01 -9.431651169439757565e-01 9.902402562444770240e+01 9.920475658621801074e+01 1.284749495929396357e+00 1.286829314476957142e+00 9.790168925845429415e-01
1.189041095890410960e+00 0.000000000000000000e+00 9.533696554343732421e-01 -9.384794327692445037e-01 9.902871075599108508e+01 9.920943419923364104e+01 1.280063813554279006e+00 1.282143631575501486e+00 9.743312330835982582e-01
1.186301369863013599e+00 0.000000000000000000e+00 9.580715611532034659e-01 -9.431813385552538787e-01 9.902400940110017302e+01 9.920474019735003424e+01 1.284765717502591054e+00 1.286845536073576213e+00 9.790331141762173006e-01
1.178082191780821963e+00 0.000000000000000000e+00 9.457577043567473307e-01 -9.308674815665430868e-01 9.903632182303599052e+01 9.921703376614027547e+01 1.272451865393761539e+00 1.274531682479444372e+00 9.667193217185147125e-01
1.175342465753424603e+00 0.000000000000000000e+00 9.719745460109000534e-01 -9.570843236593611358e-01 9.901010802241897579e+01 9.919085937897989425e+01 1.298668696976377435e+00 1.300748517306200336e+00 9.929360266708211480e-01
1.172602739726027687e+00 0.000000000000000000e+00 9.941362415723472568e-01 -9.792460196102850123e-01 9.898794888870372688e+01 9.916873310068447722e+01 1.320830383966036692e+00 1.322910207090260082e+00 1.015097606852323864e+00
1.169863013698630105e+00 0.000000000000000000e+00 9.929513975684187699e-01 -9.780611755847704591e-01 9.898913359610295970e+01 9.916991607041290990e+01 1.319645540422764496e+00 1.321725363395459540e+00 1.013912769009766679e+00
1.167123287671232967e+00 0.000000000000000000e+00 1.001308535192958482e+00 -9.864183133665380687e-01 9.898077741965512644e+01 9.916157202741507604e+01 1.328002674782653658e+00 1.330082498838007998e+00 1.022269863223107311e+00
1.161643835616438247e+00 0.000000000000000000e+00 1.004252580066702816e+00 -9.893623582969878205e-01 9.897783371276231890e+01 9.915863256232076139e+01 1.330946718502236559e+00 1.333026542942660431e+00 1.025213892816495997e+00
1.158904109589041109e+00 0.000000000000000000e+00 1.008272490833944435e+00 -9.933822691432866447e-01 9.897381426271626026e+01 9.915461886379313228e+01 1.334966627688455754e+00 1.337046452659223839e+00 1.029233782734858993e+00
1.156164383561643527e+00 0.000000000000000000e+00 1.027126027817500731e+00 -1.012235806504110824e+00 9.895496288347489156e+01 9.913579429913455954e+01 1.353820157236801602e+00 1.355899984712958695e+00 1.048087221997897833e+00
1.153424657534246611e+00 0.000000000000000000e+00 1.035091651878029317e+00 -1.020201430725984126e+00 9.894699817014152643e+01 9.912784086679094742e+01 1.361785778149893433e+00 1.363865606690009447e+00 1.056052804789978650e+00
1.150684931506849251e+00 0.000000000000000000e+00 1.047580814731034815e+00 -1.032690593834729276e+00 9.893451043389286781e+01 9.911537074921585599e+01 1.374274936059456387e+00 1.376354766275467156e+00 1.068541902965231216e+00
1.147945205479451891e+00 0.000000000000000000e+00 1.102198613213705825e+00 -1.087308393447143695e+00 9.887989886890360935e+01 9.906083595388766128e+01 1.428892712888097272e+00 1.430972550464784332e+00 1.123159418705859558e+00
1.142465753424657615e+00 0.000000000000000000e+00 1.110729846297790591e+00 -1.095839626708617232e+00 9.887136860904763580e+01 9.905231766251542069e+01 1.437423942586976811e+00 1.439503781315966124e+00 1.131690607634754597e+00
1.139726027397260477e+00 0.000000000000000000e+00 1.171422838999857108e+00 -1.156532620681352430e+00 9.881068253598915874e+01 9.899171652056270432e+01 1.498116911178897004e+00 1.500196758129879182e+00 1.192383286290066513e+00
1.136986301369863117e+00 0.000000000000000000e+00 1.243417934482313303e+00 -1.228512894662360244e+00 9.875572351506515645e+01 9.880486379882572123e+01 1.570068228631836149e+00 1.572549366641259772e+00 1.263070010506531560e+00
1.134246575342465757e+00 0.000000000000000000e+00 1.224063033188574678e+00 -1.209166149815164237e+00 9.876456715101825523e+01 9.884824330274909698e+01 1.550737414769749023e+00 1.552998302434269728e+00 1.244442254327382757e+00
1.131506849315068397e+00 0.000000000000000000e+00 1.186650047107253858e+00 -1.171756706670453285e+00 9.879475930031880182e+01 9.888333904776595773e+01 1.513334911997022747e+00 1.515500978955182099e+00 1.207356856919731491e+00
1.128767123287671259e+00 0.000000000000000000e+00 1.186208413361782732e+00 -1.171314988910930222e+00 9.879528660334254653e+01 9.888335701977820236e+01 1.512893030483424273e+00 1.515061372361813818e+00 1.206907827053262494e+00
1.120547945205479401e+00 0.000000000000000000e+00 1.186847141637334513e+00 -1.171953823277193996e+00 9.879454400924417712e+01 9.888332928713677461e+01 1.513532071573240989e+00 1.515697538387030141e+00 1.207555863446418964e+00
1.117808219178082485e+00 0.000000000000000000e+00 1.227414757606652085e+00 -1.212518152438994745e+00 9.875986996271942076e+01 9.884985686370329461e+01 1.554089960667353054e+00 1.556343569157747408e+00 1.247821932905571529e+00
1.115068493150684903e+00 0.000000000000000000e+00 1.230896136623419457e+00 -1.215998451480903242e+00 9.875808070417319584e+01 9.884441785246896472e+01 1.557568148960801535e+00 1.559850813981670692e+00 1.251205613884575296e+00
1.112328767123287765e+00 0.000000000000000000e+00 1.234587043926080652e+00 -1.219688479796875891e+00 9.875599815659975889e+01 9.883943030691118281e+01 1.561256458489067578e+00 1.563562716277685949e+00 1.254816224215041354e+00
1.109589041095890405e+00 0.000000000000000000e+00 1.248647844811090035e+00 -1.233746731562229026e+00 9.874732815854122236e+01 9.882206624776304693e+01 1.575309723206271606e+00 1.577684275341032505e+00 1.268642341233330528e+00
1.104109589041095907e+00 0.000000000000000000e+00 1.256062000686128055e+00 -1.241159828253035613e+00 9.874242260908765445e+01 9.881338080839745430e+01 1.582720746820578839e+00 1.585123641069273726e+00 1.275958463983077662e+00
1.101369863013698325e+00 0.000000000000000000e+00 1.257241963696870579e+00 -1.242339654995523013e+00 9.874159632476099091e+01 9.881204544624118569e+01 1.583900306740872788e+00 1.586306844133315685e+00 1.277125765502298727e+00
1.098630136986301409e+00 0.000000000000000000e+00 1.256393906037072572e+00 -1.241491676150389578e+00 9.874222202682436489e+01 9.881297988946519695e+01 1.583052482294085017e+00 1.585456914045478172e+00 1.276285054823784515e+00
1.095890410958904049e+00 0.000000000000000000e+00 1.246627289171057251e+00 -1.231725763736121859e+00 9.874982781272120747e+01 9.882349273455939453e+01 1.573287950802032320e+00 1.575673573585777421e+00 1.266584304279822160e+00
1.093150684931506911e+00 0.000000000000000000e+00 1.241697956019387927e+00 -1.226796716579343194e+00 9.875382350630908945e+01 9.882871824634841573e+01 1.568359464650395108e+00 1.570737454306167624e+00 1.261681769168909728e+00
1.090410958904109551e+00 0.000000000000000000e+00 1.240855779057739694e+00 -1.225954579777018827e+00 9.875452795879421330e+01 9.882960133510977130e+01 1.567517406680833725e+00 1.569894324778025041e+00 1.260843361472150148e+00
1.082191780821917915e+00 0.000000000000000000e+00 1.246600332500072073e+00 -1.231698915499577440e+00 9.874956758856014005e+01 9.882363829636940977e+01 1.573261314585079340e+00 1.575644040826214454e+00 1.266567445906960465e+00
1.079452054794520555e+00 0.000000000000000000e+00 1.240560405611565109e+00 -1.225659175174082627e+00 9.875490998723005021e+01 9.882986344278646129e+01 1.567221941260669382e+00 1.569599691065599600e+00 1.260545082294375341e+00
1.076712328767123195e+00 0.000000000000000000e+00 1.250811459123149838e+00 -1.235909973312538490e+00 9.874564600546787574e+01 9.881936113807972788e+01 1.577472236323878674e+00 1.579856797777215771e+00 1.270772063435063881e+00
1.073972602739726057e+00 0.000000000000000000e+00 1.254348587185419861e+00 -1.239447029310903892e+00 9.874239484583777937e+01 9.881575359258680180e+01 1.581009150128956486e+00 1.583395633831672811e+00 1.274302390559621800e+00
1.071232876712328697e+00 0.000000000000000000e+00 1.261760742361974552e+00 -1.246859062047631195e+00 9.873548000965368487e+01 9.880822249066173413e+01 1.588420940774031953e+00 1.590810690816000461e+00 1.281702976473691802e+00
1.065753424657534199e+00 0.000000000000000000e+00 1.260855511367583670e+00 -1.245953843317991083e+00 9.873633449042864640e+01 9.880913958294856059e+01 1.587515746352357038e+00 1.589905169149513853e+00 1.280798905768873341e+00
1.063013698630137061e+00 0.000000000000000000e+00 1.274973478865748966e+00 -1.260071656766071024e+00 9.872286510602617682e+01 9.879487324179271468e+01 1.601633253509999522e+00 1.604026787766665407e+00 1.294902278610650104e+00
1.060273972602739700e+00 0.000000000000000000e+00 1.286016301004194951e+00 -1.271114380134513722e+00 9.871224378450214942e+01 9.878373558557731826e+01 1.612675779794705555e+00 1.615071951046462839e+00 1.305935729451330296e+00
1.057534246575342562e+00 0.000000000000000000e+00 1.329692572224366653e+00 -1.314790344160818636e+00 9.866989684972071473e+01 9.873976529066881369e+01 1.656351127555710123e+00 1.658755504929267932e+00 1.349582793461520769e+00
1.054794520547945202e+00 0.000000000000000000e+00 1.321872428130763666e+00 -1.306970246736553376e+00 9.867751333331143826e+01 9.874763001952064201e+01 1.648531124173735707e+00 1.650934254261769984e+00 1.341767093950124057e+00
1.052054794520547842e+00 0.000000000000000000e+00 1.305155406056813350e+00 -1.290253305345996138e+00 9.869387478989202123e+01 9.876442395449254263e+01 1.631814346495080947e+00 1.634215318582096899e+00 1.325057775162878038e+00
1.046575342465753122e+00 0.000000000000000000e+00 1.308136257630320820e+00 -1.293234144912547512e+00 9.869094726274401808e+01 9.876143167640150011e+01 1.634795161524699836e+00 1.637196455015459629e+00 1.328037477441716741e+00
1.043835616438356206e+00 0.000000000000000000e+00 1.314976670280755711e+00 -1.300074535206429349e+00 9.868420698763206644e+01 9.875457002730010458e+01 1.641635505676374285e+00 1.644037398295545849e+00 1.334875742599658910e+00
1.041095890410958846e+00 0.000000000000000000e+00 1.339761319531405759e+00 -1.324859119621456083e+00 9.865971535513178026e+01 9.872972391008362081e+01 1.666419954530222292e+00 1.668823587313152279e+00 1.359654135342248438e+00
1.038356164383561708e+00 0.000000000000000000e+00 1.327956334999682353e+00 -1.313054160672302073e+00 9.867140381791834614e+01 9.874155310746165526e+01 1.654615049784857517e+00 1.657017994852020726e+00 1.347851631121445237e+00
1.035616438356164348e+00 0.000000000000000000e+00 1.315060434931118127e+00 -1.300158283426363859e+00 9.868419483641989132e+01 9.875447056636843968e+01 1.641719221729160072e+00 1.644121551998679376e+00 1.334957957313610333e+00
1.032876712328767210e+00 0.000000000000000000e+00 1.305868170138183348e+00 -1.290966031942907266e+00 9.869332534147058311e+01 9.876367537697456100e+01 1.632526999521753286e+00 1.634928970355994826e+00 1.325767000351532054e+00
1.027397260273972712e+00 0.000000000000000000e+00 1.305441054970136960e+00 -1.290538917306184974e+00 9.869374997089508383e+01 9.876410299207569210e+01 1.632099886074969808e+00 1.634501842527773086e+00 1.325339937735739104e+00
1.024657534246575352e+00 0.000000000000000000e+00 1.305025645424432224e+00 -1.290123508165344379e+00 9.869416345793035816e+01 9.876451878130200157e+01 1.631684477872585859e+00 1.634086423318129144e+00 1.324924568746160602e+00
1.021917808219177992e+00 0.000000000000000000e+00 1.307954383393320708e+00 -1.293052243772789378e+00 9.869124608747051752e+01 9.876158783562904375e+01 1.634613207827890768e+00 1.637015217749431928e+00 1.327853067288953914e+00
1.019178082191780854e+00 0.000000000000000000e+00 1.292078050994134752e+00 -1.277175921455028007e+00 9.870707289164035103e+01 9.877747354875810970e+01 1.618736910829998044e+00 1.621138643662898504e+00 1.311977776202929213e+00
1.016438356164383494e+00 0.000000000000000000e+00 1.269060754912803013e+00 -1.254158637191124859e+00 9.873003084986189037e+01 9.880050178402669303e+01 1.595719657800643176e+00 1.598121063440272049e+00 1.288961725770761291e+00
1.013698630136986356e+00 0.000000000000000000e+00 1.273266869681727531e+00 -1.258364750166636847e+00 9.872583394515412181e+01 9.879629401822840862e+01 1.599925765784483422e+00 1.602327221465725149e+00 1.293167647452635904e+00
1.008219178082192080e+00 0.000000000000000000e+00 1.275118870905676660e+00 -1.260216750745587255e+00 9.872398535313946866e+01 9.879444142750898550e+01 1.601777764448497177e+00 1.604179238311293387e+00 1.295019577307180869e+00
1.005479452054794498e+00 0.000000000000000000e+00 1.277332678662840504e+00 -1.262430557879151038e+00 9.872177496160647081e+01 9.879222705514813185e+01 1.603991569581353138e+00 1.606393061252110677e+00 1.297233313660956400e+00
1.002739726027397360e+00 0.000000000000000000e+00 1.292383672244938442e+00 -1.277481548097877839e+00 9.870674327299613537e+01 9.877717305544170756e+01 1.619042547911947905e+00 1.621444137317405776e+00 1.312283904478328989e+00
1.000000000000000000e+00 0.000000000000000000e+00 1.292299715259443760e+00 -1.277397591135399635e+00 9.870682710322773801e+01 9.877725703323645234e+01 1.618958591024105775e+00 1.621360179771075494e+00 1.312199950141014870e+00
9.972602739726027510e-01 0.000000000000000000e+00 1.280257179542314105e+00 -1.265355057166233754e+00 9.871885841649537952e+01 9.878930107845468456e+01 1.606916064722060833e+00 1.609317600385496316e+00 1.300157647690444840e+00
9.945205479452056130e-01 0.000000000000000000e+00 1.305615264709881762e+00 -1.290713139442788648e+00 9.869352042331776431e+01 9.876394056462184778e+01 1.632274132398536803e+00 1.634675758810905322e+00 1.325515316181814729e+00
9.890410958904110039e-01 0.000000000000000000e+00 1.299615994300810762e+00 -1.284713869590003776e+00 9.869951551274687063e+01 9.876994028837361839e+01 1.626274865750125809e+00 1.628676474092988880e+00 1.319516132303096612e+00
9.863013698630136439e-01 0.000000000000000000e+00 1.302083857080679419e+00 -1.287181732188144689e+00 9.869704915860378946e+01 9.876747228383391075e+01 1.628742727122253875e+00 1.631144341643748552e+00 1.321983963932839234e+00
9.835616438356163949e-01 0.000000000000000000e+00 1.315810559368147281e+00 -1.300908433705737721e+00 9.868332976692096281e+01 9.875374502179525393e+01 1.642469422291786607e+00 1.644871064764177104e+00 1.335710515691603151e+00
9.808219178082191458e-01 0.000000000000000000e+00 1.291642803771511971e+00 -1.276740679128674616e+00 9.870748615824705041e+01 9.877791344400854712e+01 1.618301678234335794e+00 1.620703280440296989e+00 1.311542993425324211e+00
9.780821917808220078e-01 0.000000000000000000e+00 1.286664482599519932e+00 -1.271762358120185565e+00 9.871246234723325585e+01 9.878289185833402541e+01 1.613323359301793714e+00 1.615724954452042672e+00 1.306564715927522879e+00
9.753424657534246478e-01 0.000000000000000000e+00 1.289634252902429612e+00 -1.274732128351488303e+00 9.870949373249766268e+01 9.877992205707711548e+01 1.616293128345428265e+00 1.618694727014200252e+00 1.309534462623773043e+00
9.698630136986300387e-01 0.000000000000000000e+00 1.281231570656300889e+00 -1.266329446243889656e+00 9.871789343276644502e+01 9.878832476607743729e+01 1.607890449472891836e+00 1.610292039892634808e+00 1.301131841124187893e+00
9.671232876712327897e-01 0.000000000000000000e+00 1.284165639691708716e+00 -1.269263515247736729e+00 9.871496032951731081e+01 9.878539070366019814e+01 1.610824517379996879e+00 1.613226110232441668e+00 1.304065890534453320e+00
9.643835616438356517e-01 0.000000000000000000e+00 1.291493533169748131e+00 -1.276591408684364159e+00 9.870763468016264142e+01 9.877806286222586607e+01 1.618152408150670407e+00 1.620554006082557397e+00 1.311393738528639163e+00
9.616438356164384027e-01 0.000000000000000000e+00 1.290608062511873655e+00 -1.275705938027814623e+00 9.870851989617349886e+01 9.877894832310117579e+01 1.617266937809064054e+00 1.619668535225183614e+00 1.310508273019535430e+00
9.589041095890410427e-01 0.000000000000000000e+00 1.281370355674158912e+00 -1.266468231174951775e+00 9.871775507638457725e+01 9.878818590039817593e+01 1.608029234185226697e+00 1.610430826991604114e+00 1.301270617164432153e+00
9.561643835616437936e-01 0.000000000000000000e+00 1.284233560646955485e+00 -1.269331436159295556e+00 9.871489262377073715e+01 9.878532274208023978e+01 1.610892438182144115e+00 1.613294032234838138e+00 1.304133806981850219e+00
9.506849315068491846e-01 0.000000000000000000e+00 1.287496328813253266e+00 -1.272594204346264801e+00 9.871163067921126810e+01 9.878206003421375669e+01 1.614155205258590575e+00 1.616556800531389060e+00 1.307396558587017754e+00
9.479452054794520466e-01 0.000000000000000000e+00 1.294859398196493538e+00 -1.279957273790276462e+00 9.870426940507663005e+01 9.877469711430811117e+01 1.621518272224104162e+00 1.623919869874402622e+00 1.314759591928868820e+00
9.452054794520547976e-01 0.000000000000000000e+00 1.291238542992382277e+00 -1.276336418550928276e+00 9.870788940148862878e+01 9.877831789092354597e+01 1.617897418193108949e+00 1.620299014816810823e+00 1.311138753943267954e+00
9.424657534246575485e-01 0.000000000000000000e+00 1.294840429236065127e+00 -1.279938304833691198e+00 9.870428835146252311e+01 9.877471608667786995e+01 1.621499303281722648e+00 1.623900900819445603e+00 1.314740623438505729e+00
9.397260273972604105e-01 0.000000000000000000e+00 1.294740103009363485e+00 -1.279837978605790738e+00 9.870438865488975466e+01 9.877481641051664951e+01 1.621398977086870419e+00 1.623800574602054736e+00 1.314640297667963420e+00
9.369863013698630505e-01 0.000000000000000000e+00 1.292745416361382294e+00 -1.277843291932587277e+00 9.870638289453737002e+01 9.877681104835397718e+01 1.619404291067966462e+00 1.621805888172386467e+00 1.312645619957004905e+00
9.315068493150684414e-01 0.000000000000000000e+00 1.297259465708910708e+00 -1.282357341340274681e+00 9.870186984294504384e+01 9.877229711238878451e+01 1.623918339000974376e+00 1.626319936952990597e+00 1.317159649370210683e+00
9.287671232876711924e-01 0.000000000000000000e+00 1.306507737679783787e+00 -1.291605613439569256e+00 9.869262359195222700e+01 9.876304907761674201e+01 1.633166608089086314e+00 1.635568207640066607e+00 1.326407880987636734e+00
9.260273972602740544e-01 0.000000000000000000e+00 1.309625308327758031e+00 -1.294723184132139604e+00 9.868950669669933973e+01 9.875993158816923767e+01 1.636284177769153469e+00 1.638685777824318679e+00 1.329525438155953143e+00
9.232876712328768054e-01 0.000000000000000000e+00 1.308365948991979000e+00 -1.293463824777935978e+00 9.869076578503468511e+01 9.876119091431708341e+01 1.635024818823159976e+00 1.637426418685505647e+00 1.328266084226916943e+00
9.205479452054794454e-01 0.000000000000000000e+00 1.310867119256972968e+00 -1.295964995080387538e+00 9.868826514909873993e+01 9.875868981078903630e+01 1.637525988316575587e+00 1.639927588538779846e+00 1.330767243835621505e+00
9.178082191780821963e-01 0.000000000000000000e+00 1.303370355317073015e+00 -1.288468231026384636e+00 9.869576031973787167e+01 9.876618637295528913e+01 1.630029226683902266e+00 1.632430825876407088e+00 1.323270511662576032e+00
9.095890410958904493e-01 0.000000000000000000e+00 1.296235513621269098e+00 -1.281333389220573826e+00 9.870289365138968662e+01 9.877332102127886060e+01 1.622894387179768305e+00 1.625295985429863643e+00 1.316135700066855652e+00
9.068493150684932003e-01 0.000000000000000000e+00 1.302375345000497786e+00 -1.287473220695465992e+00 9.869675511499701770e+01 9.876718135724932779e+01 1.629034216675916635e+00 1.631435815710487125e+00 1.322275505637627413e+00
9.041095890410958402e-01 0.000000000000000000e+00 1.311183452468966282e+00 -1.296281328302349989e+00 9.868794885998960353e+01 9.875837349097987783e+01 1.637842321446438376e+00 1.640243921574937591e+00 1.331083576193194284e+00
9.013698630136985912e-01 0.000000000000000000e+00 1.313596072911713097e+00 -1.298693948783261609e+00 9.868553674582264534e+01 9.875596093684259813e+01 1.640254941150937062e+00 1.642656541572371287e+00 1.333496186548912554e+00
8.986301369863013422e-01 0.000000000000000000e+00 1.327926532436584983e+00 -1.313024408536187293e+00 9.867120928735526775e+01 9.874163087245078430e+01 1.654585396294795840e+00 1.656986998419945012e+00 1.347826586287427242e+00
8.931506849315068441e-01 0.000000000000000000e+00 1.323592644602568091e+00 -1.308690520632906251e+00 9.867554226892445968e+01 9.874596464050574696e+01 1.650251509784833370e+00 1.652653111402618613e+00 1.343492716506354379e+00
8.904109589041095951e-01 0.000000000000000000e+00 1.320684320391405819e+00 -1.305782196375086190e+00 9.867844998575587567e+01 9.874887288417151865e+01 1.647343186461679876e+00 1.649744787743640639e+00 1.340584404393433404e+00
8.876712328767123461e-01 0.000000000000000000e+00 1.369861559233313431e+00 -1.354959436008815521e+00 9.862928300413845761e+01 9.869969701003813611e+01 1.696520410296690429e+00 1.698922017179830046e+00 1.389761438938523330e+00
8.849315068493150971e-01 0.000000000000000000e+00 1.372228328528001029e+00 -1.357326205341677916e+00 9.862691672819605060e+01 9.869733030648677641e+01 1.698887178869335157e+00 1.701288786020260346e+00 1.392128198407263984e+00
8.821917808219178481e-01 0.000000000000000000e+00 1.369665249726854661e+00 -1.354763126499108683e+00 9.862947927308677265e+01 9.869989331401494326e+01 1.696324100849881722e+00 1.698725707712959165e+00 1.389565130239448054e+00
8.794520547945205990e-01 0.000000000000000000e+00 1.364593213081151779e+00 -1.349691089771285268e+00 9.863455025386093666e+01 9.870496520947692431e+01 1.691252065750615374e+00 1.693653672048079706e+00 1.384493114621683008e+00
8.739726027397259900e-01 0.000000000000000000e+00 1.359908824464469479e+00 -1.345006701078656830e+00 9.863923366776464263e+01 9.870964946760314263e+01 1.686567678561878392e+00 1.688969284339684185e+00 1.379808745416142735e+00
8.712328767123287410e-01 0.000000000000000000e+00 1.368733139805106802e+00 -1.353831016562523359e+00 9.863041118782483352e+01 9.870082539823215484e+01 1.695391991213080596e+00 1.697793597965444601e+00 1.388633024206082478e+00
8.684931506849314919e-01 0.000000000000000000e+00 1.373337899734972556e+00 -1.358435776567195052e+00 9.862580738536566116e+01 9.869622076671691957e+01 1.699996749739718371e+00 1.702398356998913620e+00 1.393237765068923828e+00
8.657534246575342429e-01 0.000000000000000000e+00 1.370351357900458922e+00 -1.355449234684127813e+00 9.862879330637235853e+01 9.869920722522964240e+01 1.697010208815197041e+00 1.699411815746656451e+00 1.390251235597362411e+00
8.630136986301369939e-01 0.000000000000000000e+00 1.368968826418737184e+00 -1.354066703179916065e+00 9.863017555051976615e+01 9.870058971812733262e+01 1.695627677754689477e+00 1.698029284534787298e+00 1.388868709837455029e+00
8.602739726027397449e-01 0.000000000000000000e+00 1.361424587941103326e+00 -1.346522464579495759e+00 9.863771822134457068e+01 9.870813374599931933e+01 1.688083441575365384e+00 1.690485047531176344e+00 1.381324502576853908e+00
8.547945205479452468e-01 0.000000000000000000e+00 1.356264660913438336e+00 -1.341362537467815530e+00 9.864287707631555691e+01 9.871329352895035925e+01 1.682923516119546159e+00 1.685325121512463831e+00 1.376164596897136105e+00
8.520547945205479978e-01 0.000000000000000000e+00 1.358056837907671843e+00 -1.343154714491236579e+00 9.864108527163188000e+01 9.871150140200667522e+01 1.684715692567863909e+00 1.687117298156036505e+00 1.377956766477565376e+00
8.493150684931506378e-01 0.000000000000000000e+00 1.362591710909823783e+00 -1.347689587567269864e+00 9.863655134061930596e+01 9.870696665567102457e+01 1.689250564188710557e+00 1.691652170270390609e+00 1.382491620722028580e+00
8.465753424657533888e-01 0.000000000000000000e+00 1.353290816436295563e+00 -1.338388692942181102e+00 9.864585030325349635e+01 9.871626729032280423e+01 1.679949672548101791e+00 1.682351277618525209e+00 1.373190764716744949e+00
8.438356164383561397e-01 0.000000000000000000e+00 1.349634238779964024e+00 -1.334732115226255678e+00 9.864950612146968467e+01 9.871992376582197437e+01 1.676293096005480487e+00 1.678694700678621698e+00 1.369534202182906002e+00
8.410958904109588907e-01 0.000000000000000000e+00 1.348596081071717911e+00 -1.333693957501085325e+00 9.865054406357172923e+01 9.872096189452409476e+01 1.675254938613425892e+00 1.677656543173832171e+00 1.368496048767943618e+00
8.356164383561643927e-01 0.000000000000000000e+00 1.345826317137775341e+00 -1.330924193521986876e+00 9.865331325230354764e+01 9.872373158106502444e+01 1.672485175523053869e+00 1.674886779782849944e+00 1.365726296287759434e+00
8.328767123287671437e-01 0.000000000000000000e+00 1.341784699959427840e+00 -1.326882576277742753e+00 9.865735403018112493e+01 9.872777308530602625e+01 1.668443559575616408e+00 1.670845163396941668e+00 1.361684695822024560e+00
8.301369863013698946e-01 0.000000000000000000e+00 1.350424588035431972e+00 -1.335522464494625972e+00 9.864871593625049684e+01 9.871913343867103663e+01 1.677083445020300267e+00 1.679485049778640882e+00 1.370324548172090484e+00
8.273972602739726456e-01 0.000000000000000000e+00 1.348888104444597946e+00 -1.333985980878735322e+00 9.865025210078482587e+01 9.872066987932342386e+01 1.675546961897404818e+00 1.677948566489153359e+00 1.368788070934463086e+00
8.246575342465753966e-01 0.000000000000000000e+00 1.356448330432232563e+00 -1.341546206989660206e+00 9.864269344467430756e+01 9.871310986461999448e+01 1.683107185582578325e+00 1.685508790993853534e+00 1.376348265661973880e+00
8.219178082191780366e-01 0.000000000000000000e+00 1.361411203701312855e+00 -1.346509080339677755e+00 9.863773160192742750e+01 9.870814713005070473e+01 1.688070057340231411e+00 1.690471663289384363e+00 1.381311118410838201e+00
8.136986301369862895e-01 0.000000000000000000e+00 1.367818819903600769e+00 -1.352916696646469852e+00 9.863132531622538579e+01 9.870173969292872584e+01 1.694477671591110512e+00 1.696879278234619370e+00 1.387718708119629385e+00
8.109589041095890405e-01 0.000000000000000000e+00 1.353321721031271130e+00 -1.338419597537695127e+00 9.864581940490195677e+01 9.871623638662828171e+01 1.679980577133779684e+00 1.682382182206519694e+00 1.373221669187579375e+00
8.082191780821917915e-01 0.000000000000000000e+00 1.360036374711544482e+00 -1.345134251327486874e+00 9.863910614544936095e+01 9.870952192061518815e+01 1.686695228769156119e+00 1.689096834569364436e+00 1.379936295105421262e+00
8.054794520547945424e-01 0.000000000000000000e+00 1.379912067916227114e+00 -1.365009944856348412e+00 9.861923457919357361e+01 9.868964678292095982e+01 1.706570915920864184e+00 1.708972523874232374e+00 1.399811906132635286e+00
8.027397260273972934e-01 0.000000000000000000e+00 1.382722746801497982e+00 -1.367820623787462386e+00 9.861642448390905713e+01 9.868683618259265700e+01 1.709381593950166867e+00 1.711783202208003729e+00 1.402622573397017680e+00
7.972602739726026844e-01 0.000000000000000000e+00 1.386351357176987653e+00 -1.371449234222138269e+00 9.861279662696347259e+01 9.868320767363562140e+01 1.713010203220598715e+00 1.715411811871484504e+00 1.406251168769917292e+00
7.945205479452054353e-01 0.000000000000000000e+00 1.379007281516753336e+00 -1.364105158442114440e+00 9.862013917773604987e+01 9.869055154403000074e+01 1.705666129796927333e+00 1.708067737652347651e+00 1.398907123473837055e+00
7.917808219178081863e-01 0.000000000000000000e+00 1.388189226568561363e+00 -1.373287103643689999e+00 9.861095913917193911e+01 9.868136985561348240e+01 1.714848072052473693e+00 1.717249680902390274e+00 1.408089030562934996e+00
7.890410958904109373e-01 0.000000000000000000e+00 1.395863798851800563e+00 -1.380961676052112175e+00 9.860328616038991356e+01 9.867369549783535376e+01 1.722522641998507797e+00 1.724924251679631260e+00 1.415763571115772557e+00
7.863013698630136883e-01 0.000000000000000000e+00 1.403099848268157146e+00 -1.388197725586498787e+00 9.859605161341923463e+01 9.866645965066804536e+01 1.729758689211207345e+00 1.732160299676029025e+00 1.422999590614862253e+00
7.835616438356164393e-01 0.000000000000000000e+00 1.384750783199949709e+00 -1.369848660218991210e+00 9.861439686861510268e+01 9.868480820287477684e+01 1.711409629730993309e+00 1.713811238208575505e+00 1.404650601410266209e+00
7.780821917808219412e-01 0.000000000000000000e+00 1.385165759133797803e+00 -1.370263636159608778e+00 9.861398197884392403e+01 9.868439323853954193e+01 1.711824605538462940e+00 1.714226214060991405e+00 1.405065575628411834e+00
7.753424657534246922e-01 0.000000000000000000e+00 1.384884673134986643e+00 -1.369982550156211731e+00 9.861426300648015797e+01 9.868467431668194934e+01 1.711543519625253751e+00 1.713945128117337013e+00 1.404784490791736395e+00
7.726027397260274432e-01 0.000000000000000000e+00 1.384945289124950740e+00 -1.370043166147163261e+00 9.861420240307603535e+01 9.868461370238622976e+01 1.711604135596758836e+00 1.714005744095405737e+00 1.404845106531084964e+00
7.698630136986300831e-01 0.000000000000000000e+00 1.375670571064896874e+00 -1.360768447935822190e+00 9.862347519540625740e+01 9.869388816121355035e+01 1.702329420361206491e+00 1.704731027855432623e+00 1.395570426816879372e+00
7.671232876712328341e-01 0.000000000000000000e+00 1.366264783393923654e+00 -1.351362660111424585e+00 9.863287903013450375e+01 9.870329368598810049e+01 1.692923635554649309e+00 1.695325242030266688e+00 1.386164678033626307e+00
7.643835616438355851e-01 0.000000000000000000e+00 1.376623904483989858e+00 -1.361721781370466067e+00 9.862252205992876952e+01 9.869293485444083558e+01 1.703282753489976376e+00 1.705684361087438150e+00 1.396523756294490326e+00
7.589041095890410871e-01 0.000000000000000000e+00 1.376098458828638460e+00 -1.361196335706544414e+00 9.862304739648482155e+01 9.869346028540957150e+01 1.702757307994644309e+00 1.705158915535202047e+00 1.395998312811563835e+00
7.561643835616438380e-01 0.000000000000000000e+00 1.372507747836175129e+00 -1.357605624655510379e+00 9.862663736193152886e+01 9.869705089603962733e+01 1.699166598095686043e+00 1.701568205247388832e+00 1.392407616664679271e+00
7.534246575342465890e-01 0.000000000000000000e+00 1.378660313174456808e+00 -1.363758190094151335e+00 9.862048607406084955e+01 9.869089850266905728e+01 1.705319161560279406e+00 1.707720769378269443e+00 1.398560156565552548e+00
7.506849315068493400e-01 0.000000000000000000e+00 1.375020298875281988e+00 -1.360118175735601787e+00 9.862412533257790415e+01 9.869453841522779669e+01 1.701679148369624306e+00 1.704080755793423885e+00 1.394920157315791442e+00
7.479452054794520910e-01 0.000000000000000000e+00 1.370585646840919436e+00 -1.355683523628901987e+00 9.862855906383826721e+01 9.869897294331099147e+01 1.697244497685778786e+00 1.699646104629333410e+00 1.390485523616219021e+00
7.452054794520548420e-01 0.000000000000000000e+00 1.364145147633795352e+00 -1.349243024316721273e+00 9.863499822579429122e+01 9.870541326250236125e+01 1.690804000440027988e+00 1.693205606686117859e+00 1.384045051036929319e+00
7.397260273972602329e-01 0.000000000000000000e+00 1.367259491135984328e+00 -1.352357367869710059e+00 9.863188452892802616e+01 9.870229900604789464e+01 1.693918342993783188e+00 1.696319949577135722e+00 1.387159381663064073e+00
7.369863013698629839e-01 0.000000000000000000e+00 1.357058142102905540e+00 -1.342156018670229933e+00 9.864208375983933763e+01 9.871250006994716841e+01 1.683716997067397081e+00 1.686118602546013756e+00 1.376958074806804433e+00
7.342465753424657349e-01 0.000000000000000000e+00 1.358214405769831989e+00 -1.343312282356015075e+00 9.864092773624918209e+01 9.871134383859842387e+01 1.684873260382194982e+00 1.687274865986026828e+00 1.378114333693231774e+00
7.315068493150684859e-01 0.000000000000000000e+00 1.354157043795546134e+00 -1.339254920315546382e+00 9.864498425578733531e+01 9.871540108716699535e+01 1.680815899643526068e+00 1.683217504807976272e+00 1.374056988493843390e+00
7.287671232876712368e-01 0.000000000000000000e+00 1.338576395864122359e+00 -1.323674272129972573e+00 9.866056166868564503e+01 9.873098129960987990e+01 1.665235256456991886e+00 1.667636859934170213e+00 1.358476404979588104e+00
7.205479452054794898e-01 0.000000000000000000e+00 1.328113116397834137e+00 -1.313210992493009766e+00 9.867102277564568169e+01 9.874144428662117434e+01 1.654771980177160762e+00 1.657173582521244137e+00 1.348013168773040116e+00
7.178082191780822408e-01 0.000000000000000000e+00 1.325608083994783026e+00 -1.310705960049097785e+00 9.867352728792513972e+01 9.874394924900690285e+01 1.652266948536985192e+00 1.654668550609792899e+00 1.345508146726880794e+00
7.150684931506848807e-01 0.000000000000000000e+00 1.326058441542804500e+00 -1.311156317604466048e+00 9.867307702388558255e+01 9.874349890404675989e+01 1.652717305947856152e+00 1.655118908069432848e+00 1.345958502412925473e+00
7.123287671232876317e-01 0.000000000000000000e+00 1.322591711749623089e+00 -1.307689587754736094e+00 9.867654303387658388e+01 9.874696553694275281e+01 1.649250577210422897e+00 1.651652178956580119e+00 1.342491786952709987e+00
7.095890410958903827e-01 0.000000000000000000e+00 1.323093248403172772e+00 -1.308191124416468565e+00 9.867604160135788050e+01 9.874646401430749165e+01 1.649752113711235424e+00 1.652153715511708310e+00 1.342993321532691908e+00
7.068493150684931337e-01 0.000000000000000000e+00 1.326264661626996411e+00 -1.311362537692026375e+00 9.867287084661913354e+01 9.874329268972657303e+01 1.652923525969246521e+00 1.655325128113158906e+00 1.346164721644519613e+00
7.013698630136986356e-01 0.000000000000000000e+00 1.326238043064999372e+00 -1.311335919129595906e+00 9.867289745965433667e+01 9.874331930754455300e+01 1.652896907415357219e+00 1.655298509556386133e+00 1.346138103192574320e+00
6.986301369863013866e-01 0.000000000000000000e+00 1.315911168022540156e+00 -1.301009043918684993e+00 9.868322219051279376e+01 9.875364589394442305e+01 1.642570035517814775e+00 1.644971636540519144e+00 1.335811270845893128e+00
6.958904109589041376e-01 0.000000000000000000e+00 1.323148069014006056e+00 -1.308245945028197799e+00 9.867598679212956370e+01 9.874640919522880722e+01 1.649806934305376505e+00 1.652208536111781756e+00 1.343048141916874050e+00
6.931506849315068886e-01 0.000000000000000000e+00 1.319634239519305030e+00 -1.304732115476181731e+00 9.867949989204277017e+01 9.874992292650978243e+01 1.646293105880770158e+00 1.648694707306651797e+00 1.339534326949868070e+00
6.904109589041096395e-01 0.000000000000000000e+00 1.324165760556258897e+00 -1.309263636587055135e+00 9.867496931189204190e+01 9.874539153213157761e+01 1.650824625537708368e+00 1.653226227454319686e+00 1.344065829251549493e+00
6.876712328767122795e-01 0.000000000000000000e+00 1.313259492400117745e+00 -1.298357368253013400e+00 9.868587331556402376e+01 9.875629749545079505e+01 1.639918360702931066e+00 1.642319961438476250e+00 1.333159606186648416e+00
6.821917808219177815e-01 0.000000000000000000e+00 1.315160515676841335e+00 -1.300258391560746629e+00 9.868397268699952463e+01 9.875439652530893397e+01 1.641819383400723309e+00 1.644220984342134262e+00 1.335060621603718189e+00
6.794520547945205324e-01 0.000000000000000000e+00 1.308100781339224250e+00 -1.293198657107972327e+00 9.869103095551439253e+01 9.876145606232270779e+01 1.634759651213059106e+00 1.637161251389954053e+00 1.328000916454103342e+00
6.767123287671232834e-01 0.000000000000000000e+00 1.304130546836575588e+00 -1.289228422540562580e+00 9.869500036567157508e+01 9.876542618585492050e+01 1.630789417919494610e+00 1.633191017666444145e+00 1.324030698366125636e+00
6.739726027397260344e-01 0.000000000000000000e+00 1.297290817707750232e+00 -1.282388693300168692e+00 9.870183867465760841e+01 9.877226572380911307e+01 1.623949690873621510e+00 1.626351289879879314e+00 1.317190997515704787e+00
6.712328767123287854e-01 0.000000000000000000e+00 1.285383906002417254e+00 -1.270481781400610410e+00 9.871374311411376823e+01 9.878417230270895288e+01 1.612042782794385731e+00 1.614444380511214305e+00 1.305284135038705884e+00
6.684931506849315364e-01 0.000000000000000000e+00 1.285596818971274757e+00 -1.270694694372940914e+00 9.871353024535234510e+01 9.878395939569108464e+01 1.612255695698404212e+00 1.614657293438289676e+00 1.305497047127290422e+00
6.630136986301370383e-01 0.000000000000000000e+00 1.282519683048590986e+00 -1.267617558400062849e+00 9.871660674236494515e+01 9.878703644560600594e+01 1.609178560712824835e+00 1.611580158119479078e+00 1.302419923926821710e+00
6.602739726027396783e-01 0.000000000000000000e+00 1.281238044114839880e+00 -1.266335919445406910e+00 9.871788811519023454e+01 9.878831804871722966e+01 1.607896922169382181e+00 1.610298519437244114e+00 1.301138290291921296e+00
6.575342465753424293e-01 0.000000000000000000e+00 1.280662081009724895e+00 -1.265759956330897662e+00 9.871846395870728941e+01 9.878889399572388186e+01 1.607320959239669778e+00 1.609722556445159380e+00 1.300562329568087039e+00
6.547945205479451802e-01 0.000000000000000000e+00 1.272604771423511139e+00 -1.257702646613255038e+00 9.872651959534275079e+01 9.879695108010331239e+01 1.599263652107207667e+00 1.601665248440151013e+00 1.292505053294285000e+00
6.520547945205479312e-01 0.000000000000000000e+00 1.270171368921368504e+00 -1.255269244071419710e+00 9.872895249259407535e+01 9.879938441459030685e+01 1.596830250346125801e+00 1.599231846415551939e+00 1.290071660852882607e+00
6.493150684931506822e-01 0.000000000000000000e+00 1.268987734560962810e+00 -1.254085609691706349e+00 9.873013588119479778e+01 9.880056801586734139e+01 1.595646616346181101e+00 1.598048212287431102e+00 1.288888031386133726e+00
6.438356164383561842e-01 0.000000000000000000e+00 1.275681601268985998e+00 -1.260779476508919750e+00 9.872344340434392507e+01 9.879387433625706194e+01 1.602340481015672280e+00 1.604742077681817536e+00 1.295581870418810899e+00
6.410958904109589351e-01 0.000000000000000000e+00 1.265252802583071379e+00 -1.250350677652892095e+00 9.873387003768336001e+01 9.880430284345162306e+01 1.591911685505714491e+00 1.594313281042498254e+00 1.285153114850068778e+00
6.383561643835616861e-01 0.000000000000000000e+00 1.252294107096574960e+00 -1.237391981955013875e+00 9.874682604253729323e+01 9.881726117673449039e+01 1.578952993965622609e+00 1.581354588099077141e+00 1.272194472940434196e+00
6.356164383561644371e-01 0.000000000000000000e+00 1.246012159939179798e+00 -1.231110034695150235e+00 9.875310668536502590e+01 9.882354294830746255e+01 1.572671048721314024e+00 1.575072642174482063e+00 1.265912551755331128e+00
6.328767123287670771e-01 0.000000000000000000e+00 1.242911169737239696e+00 -1.228009044442626374e+00 9.875620703170390868e+01 9.882664385183490197e+01 1.569570059463739176e+00 1.571971652581092505e+00 1.262811574374227419e+00
6.301369863013698280e-01 0.000000000000000000e+00 1.237744131566442807e+00 -1.222842006187544461e+00 9.876137299703513861e+01 9.883181074558386570e+01 1.564403022866498016e+00 1.566804615424302272e+00 1.257644557566204968e+00
6.246575342465753300e-01 0.000000000000000000e+00 1.227899162428714552e+00 -1.212997036889227997e+00 9.877121592204768774e+01 9.884165543954863153e+01 1.554558056726930149e+00 1.556959648218597669e+00 1.247799629131845833e+00
6.219178082191780810e-01 0.000000000000000000e+00 1.227130548625562589e+00 -1.212228423073540284e+00 9.877198437626253735e+01 9.884242403186848946e+01 1.553789443157849171e+00 1.556191034566282827e+00 1.247031018506477240e+00
6.191780821917808320e-01 0.000000000000000000e+00 1.227665252548454600e+00 -1.212763127005155983e+00 9.877144978336099257e+01 9.884188934289097972e+01 1.554324146917904326e+00 1.556725738384242108e+00 1.247565720218671625e+00
6.164383561643835829e-01 0.000000000000000000e+00 1.219863802836343547e+00 -1.204961677165787171e+00 9.877924961324686137e+01 9.884969057454769370e+01 1.546522699581624360e+00 1.548924290203123943e+00 1.239764302761132697e+00
6.136986301369863339e-01 0.000000000000000000e+00 1.216022157079986510e+00 -1.201120031346765371e+00 9.878309046135679239e+01 9.885353211292766673e+01 1.542681054995190149e+00 1.545082645200668292e+00 1.235922672887803886e+00
6.109589041095890849e-01 0.000000000000000000e+00 1.210911170486968169e+00 -1.196009044670377941e+00 9.878820038674837178e+01 9.885864295666549140e+01 1.537570069958658525e+00 1.539971659610654520e+00 1.230811707425820911e+00
6.027397260273972268e-01 0.000000000000000000e+00 1.206474315176651713e+00 -1.191572189287687600e+00 9.879263632082817992e+01 9.886307968796300827e+01 1.533133215999530563e+00 1.535534805171047790e+00 1.226374870459388422e+00
5.999999999999999778e-01 0.000000000000000000e+00 1.200241731380588872e+00 -1.185339605389959639e+00 9.879886761054389410e+01 9.886931209755439909e+01 1.526900634101520327e+00 1.529302222598097893e+00 1.220142312431526932e+00
5.972602739726027288e-01 0.000000000000000000e+00 1.205295329371149915e+00 -1.190393203462955407e+00 9.879381506183921147e+01 9.886425864081515158e+01 1.531954230553075336e+00 1.534355819596918025e+00 1.225195889528324367e+00
5.945205479452054798e-01 0.000000000000000000e+00 1.198942061515458013e+00 -1.184039935503629737e+00 9.880016701055677686e+01 9.887061173109303525e+01 1.525600964632189083e+00 1.528002552988021678e+00 1.218842647939794244e+00
5.917808219178082307e-01 0.000000000000000000e+00 1.200977077745468025e+00 -1.186074951766833863e+00 9.879813241686008496e+01 9.886857677174303660e+01 1.527635980242459945e+00 1.530037568818668481e+00 1.220877655756163360e+00
5.835616438356164837e-01 0.000000000000000000e+00 1.189654183801557297e+00 -1.174752057638225322e+00 9.880945295981523202e+01 9.887989934920508972e+01 1.516313089746791354e+00 1.518714677096815402e+00 1.209554808626005062e+00
5.808219178082191236e-01 0.000000000000000000e+00 1.188651617805064564e+00 -1.173749491625379671e+00 9.881045531764746670e+01 9.888090188717931994e+01 1.515310524055616392e+00 1.517712111297069066e+00 1.208552246774553307e+00
5.780821917808218746e-01 0.000000000000000000e+00 1.186300124610799811e+00 -1.171397998392754713e+00 9.881280632259782237e+01 9.888325331464783119e+01 1.512959031577468583e+00 1.515360618564270956e+00 1.206200763302378576e+00
5.753424657534246256e-01 0.000000000000000000e+00 1.191345746836917519e+00 -1.176443620701177251e+00 9.880776174800153910e+01 9.887820783344984932e+01 1.518004652267007204e+00 1.520406239800212278e+00 1.211246364667708075e+00
5.726027397260273766e-01 0.000000000000000000e+00 1.185042223931527694e+00 -1.170140097692963455e+00 9.881406396209746390e+01 9.888451118016800478e+01 1.511701131281274035e+00 1.514102718131855374e+00 1.204942867823813879e+00
5.671232876712328785e-01 0.000000000000000000e+00 1.179542662263383557e+00 -1.164640535935111965e+00 9.881956238188372765e+01 9.889001058812000622e+01 1.506201571287952179e+00 1.508603157542971918e+00 1.199443328893241567e+00
5.643835616438356295e-01 0.000000000000000000e+00 1.174759666145310577e+00 -1.159857539739017840e+00 9.882434438490159323e+01 9.889479345055032411e+01 1.501418576626479373e+00 1.503820162363537216e+00 1.194660352550148019e+00
5.616438356164383805e-01 0.000000000000000000e+00 1.178493926068005404e+00 -1.163591799722624165e+00 9.882061090032864570e+01 9.889105929500246361e+01 1.505152835411952328e+00 1.507554421553404245e+00 1.198394597033794584e+00
5.589041095890411315e-01 0.000000000000000000e+00 1.172832770615636067e+00 -1.157930644177910695e+00 9.882627088034723783e+01 9.889672029222205651e+01 1.499491681683615241e+00 1.501893267212007999e+00 1.192733464987093983e+00
5.561643835616438825e-01 0.000000000000000000e+00 1.159314094702550646e+00 -1.144411968044310779e+00 9.883978674935825381e+01 9.891023859027980336e+01 1.485973009887468610e+00 1.488374593951892200e+00 1.179214844966074205e+00
5.534246575342465224e-01 0.000000000000000000e+00 1.155897292040251489e+00 -1.140995165326275984e+00 9.884320284258494382e+01 9.891365529744037133e+01 1.482556208265712661e+00 1.484957791960122231e+00 1.175798056430318317e+00
5.452054794520547754e-01 0.000000000000000000e+00 1.149822515175527027e+00 -1.134920388362460120e+00 9.884927635813508573e+01 9.891972990451141357e+01 1.476481433250984132e+00 1.478883016287539709e+00 1.169723304681353993e+00
5.424657534246575263e-01 0.000000000000000000e+00 1.140115213327710597e+00 -1.125215492783891325e+00 9.885270540264090755e+01 9.893391538625935766e+01 1.466781243526034118e+00 1.469118367517101342e+00 1.160237722948258554e+00
5.397260273972602773e-01 0.000000000000000000e+00 1.139552197068369077e+00 -1.124652478294330127e+00 9.885326047937236638e+01 9.893448008313580999e+01 1.466218232696763213e+00 1.468555309248332774e+00 1.159674876812896160e+00
5.369863013698630283e-01 0.000000000000000000e+00 1.137854673872268796e+00 -1.122955929506374462e+00 9.885243776017232165e+01 9.893798894728236348e+01 1.464523588732502546e+00 1.466834563592054774e+00 1.158067117649235200e+00
5.342465753424657793e-01 0.000000000000000000e+00 1.133754520317960646e+00 -1.118853879435398602e+00 9.886026658234742115e+01 9.893809593245796918e+01 1.460417834923098734e+00 1.462779708909865084e+00 1.153793750999864587e+00
5.287671232876712812e-01 0.000000000000000000e+00 1.128261255460896617e+00 -1.113358384611494944e+00 9.886938027149663810e+01 9.893824890570481045e+01 1.454917986572611621e+00 1.457339819848036511e+00 1.148098396394651610e+00
5.260273972602739212e-01 0.000000000000000000e+00 1.120972309100847886e+00 -1.106066869564360733e+00 9.888027856440162111e+01 9.893846672459115155e+01 1.447621458363033797e+00 1.450112479563696155e+00 1.140578354224299540e+00
5.232876712328766722e-01 0.000000000000000000e+00 1.120368102569095248e+00 -1.105462475763324681e+00 9.888112099937856669e+01 9.893848596239908488e+01 1.447016699182657185e+00 1.449512771603346906e+00 1.139957397273331230e+00
5.205479452054794232e-01 0.000000000000000000e+00 1.114000343202344423e+00 -1.099093056530082935e+00 9.888940291460835397e+01 9.893870717701332751e+01 1.440644042570636829e+00 1.443184958090195646e+00 1.133442139013489447e+00
5.178082191780821741e-01 0.000000000000000000e+00 1.109906033104214096e+00 -1.094997832887974587e+00 9.889448077674144599e+01 9.893886086216852505e+01 1.436547037737280652e+00 1.439112664010751219e+00 1.129267057600760849e+00
