1.997260273972602418e+00 0.000000000000000000e+00 6.750000000000000791e-03 3.189831052712321230e-02 4.998148668644681436e+00 3.018516833945514843e-01
1.994520547945205280e+00 0.000000000000000000e+00 7.490000000000000130e-03 4.495024763738466461e-02 5.062940786995475229e+00 2.856658235801692869e-01
1.991780821917807920e+00 0.000000000000000000e+00 7.539999999999999827e-03 4.668187955034325265e-02 5.062963106193489438e+00 2.840660757143597670e-01
1.986301369863013644e+00 0.000000000000000000e+00 7.647000000000000151e-03 4.865050028437897106e-02 5.062996479250880810e+00 2.821861555627442897e-01
1.983561643835616506e+00 0.000000000000000000e+00 7.669999999999999735e-03 4.903035289245531031e-02 5.063004287823429372e+00 2.818180169367476839e-01
1.980821917808219146e+00 0.000000000000000000e+00 7.700000000000000247e-03 4.960509629114779467e-02 5.063018329260617456e+00 2.812559046237470550e-01
1.978082191780822008e+00 0.000000000000000000e+00 7.439999999999999565e-03 4.547786755000154252e-02 5.062895405162922025e+00 2.853204729045191179e-01
1.975342465753424870e+00 0.000000000000000000e+00 7.669999999999999735e-03 4.931772061068167429e-02 5.063026007538301343e+00 2.815253774365561457e-01
1.972602739726027510e+00 0.000000000000000000e+00 8.829999999999999308e-03 6.181644161733149817e-02 5.104724308693583623e+00 2.684305467148883073e-01
1.967123287671232790e+00 0.000000000000000000e+00 8.980000000000000135e-03 6.278665705647527850e-02 5.106496410725249291e+00 2.674590904607747621e-01
1.964383561643836096e+00 0.000000000000000000e+00 8.649999999999999703e-03 6.003642988528837959e-02 5.110263804695504675e+00 2.701000326691804232e-01
1.961643835616438292e+00 0.000000000000000000e+00 8.829999999999999308e-03 6.185852124453527362e-02 5.109179379277928312e+00 2.682913005273027673e-01
1.958904109589040710e+00 0.000000000000000000e+00 8.829999999999999308e-03 6.205194846554817900e-02 5.109054343917910579e+00 2.680989629032732857e-01
1.956164383561644016e+00 0.000000000000000000e+00 1.086000000000000160e-02 7.018176288161216692e-02 5.101052867909027455e+00 2.600982877336786014e-01
1.953424657534246878e+00 0.000000000000000000e+00 1.056999999999999953e-02 6.933274725986922349e-02 5.102013493503624098e+00 2.609350205473261464e-01
1.945205479452054798e+00 0.000000000000000000e+00 1.104000000000000120e-02 7.152109939489539880e-02 5.099669023806597146e+00 2.587653999067355270e-01
1.942465753424657215e+00 0.000000000000000000e+00 1.072999999999999995e-02 7.029844138996040048e-02 5.100952252302175083e+00 2.599805280960212350e-01
1.939726027397260300e+00 0.000000000000000000e+00 1.048999999999999932e-02 6.946647140231294870e-02 5.101813420297562907e+00 2.608087834509428826e-01
1.936986301369862939e+00 0.000000000000000000e+00 1.020999999999999859e-02 6.850424937159589611e-02 5.102800491652746295e+00 2.617677961063726300e-01
1.934246575342465579e+00 0.000000000000000000e+00 9.929999999999999591e-03 6.783289296887265452e-02 5.103486416970128836e+00 2.624372559810757011e-01
1.926027397260273943e+00 0.000000000000000000e+00 1.026200000000000029e-02 6.889734894180539471e-02 5.102405968140155679e+00 2.613749025360383449e-01
1.923287671232876805e+00 0.000000000000000000e+00 1.090999999999999956e-02 7.154873041601381156e-02 5.099724063483394687e+00 2.587275571471121527e-01
1.920547945205479667e+00 0.000000000000000000e+00 1.149999999999999981e-02 7.372169278795712155e-02 5.097531093772325050e+00 2.565572507147915182e-01
1.917808219178082085e+00 0.000000000000000000e+00 1.076000000000000047e-02 7.125418470942947169e-02 5.100016692376346583e+00 2.590223497243827611e-01
1.915068493150684947e+00 0.000000000000000000e+00 1.127000000000000050e-02 7.317760787329534444e-02 5.098082171075971836e+00 2.571004083374932581e-01
1.909589041095890449e+00 0.000000000000000000e+00 1.142600000000000039e-02 7.395096911582600685e-02 5.097305285946788445e+00 2.563275185486290630e-01
1.906849315068493089e+00 0.000000000000000000e+00 1.010999999999999920e-02 6.900785408069196047e-02 5.102266912127035425e+00 2.612681534978762432e-01
1.904109589041095951e+00 0.000000000000000000e+00 8.899999999999999925e-03 6.420522120650913600e-02 5.109726405046724373e+00 2.659518110366474453e-01
1.901369863013698369e+00 0.000000000000000000e+00 1.047000000000000014e-02 7.086812361523235626e-02 5.104551572302994167e+00 2.592272871136762080e-01
1.898630136986301231e+00 0.000000000000000000e+00 1.070000000000000118e-02 7.172057268563886145e-02 5.103686259439236039e+00 2.583757310426897935e-01
1.895890410958904093e+00 0.000000000000000000e+00 1.028999999999999880e-02 7.034397484353439867e-02 5.105079996193346403e+00 2.597511338847513507e-01
1.890410958904109595e+00 0.000000000000000000e+00 1.049700000000000112e-02 7.107311542397368176e-02 5.104343691494947599e+00 2.590224948758947376e-01
1.887671232876712013e+00 0.000000000000000000e+00 1.044999999999999922e-02 7.097090191688787408e-02 5.104446588429127019e+00 2.591246603021522543e-01
1.884931506849315097e+00 0.000000000000000000e+00 1.086000000000000160e-02 7.289334345080160371e-02 5.102512484998165121e+00 2.572030400910429448e-01
1.882191780821917515e+00 0.000000000000000000e+00 1.122000000000000081e-02 7.407553594243775075e-02 5.101324391523163193e+00 2.560212639230937670e-01
1.879452054794520821e+00 0.000000000000000000e+00 1.154999999999999950e-02 7.529622903473633111e-02 5.100098668376535471e+00 2.548009262185676471e-01
1.876712328767123239e+00 0.000000000000000000e+00 1.167999999999999941e-02 7.566047251360964732e-02 5.099733079105794431e+00 2.544367779038979593e-01
1.871232876712328741e+00 0.000000000000000000e+00 1.160300000000000047e-02 7.586351055538180510e-02 5.099529536427823473e+00 2.542337756097248214e-01
1.868493150684932047e+00 0.000000000000000000e+00 1.227000000000000139e-02 7.844283469269319742e-02 5.096944635615472841e+00 2.516548467414416179e-01
1.865753424657534465e+00 0.000000000000000000e+00 1.211999999999999883e-02 7.777472919720872235e-02 5.097613910769469570e+00 2.523228692749035496e-01
1.863013698630136883e+00 0.000000000000000000e+00 1.298999999999999981e-02 8.112425260012134931e-02 5.094259563317410588e+00 2.489736882222264858e-01
1.860273972602739967e+00 0.000000000000000000e+00 1.221999999999999996e-02 7.833982673402170582e-02 5.097047274005372053e+00 2.517578808622160658e-01
1.857534246575342385e+00 0.000000000000000000e+00 1.225000000000000047e-02 7.868438865466763354e-02 5.096702407878893837e+00 2.514133405527856358e-01
1.852054794520548109e+00 0.000000000000000000e+00 1.224499999999999894e-02 7.876933861093957101e-02 5.096617400457113867e+00 2.513283946808476110e-01
1.849315068493150749e+00 0.000000000000000000e+00 1.280999999999999847e-02 8.071662984391618501e-02 5.094668845466664209e+00 2.493811932756507532e-01
1.846575342465753167e+00 0.000000000000000000e+00 1.346000000000000148e-02 8.329791446304529723e-02 5.092086210332879226e+00 2.468000046832814209e-01
1.843835616438356473e+00 0.000000000000000000e+00 1.514999999999999854e-02 8.962752212320007628e-02 5.085819059871137249e+00 2.403890071742461054e-01
1.841095890410958891e+00 0.000000000000000000e+00 1.542999999999999927e-02 9.046562530601909291e-02 5.084970874941558527e+00 2.395633249055836023e-01
1.838356164383561531e+00 0.000000000000000000e+00 1.660000000000000017e-02 9.435438011820465598e-02 5.081043086690235633e+00 2.357229876300971916e-01
1.832876712328767033e+00 0.000000000000000000e+00 1.649699999999999778e-02 9.394239317062297312e-02 5.081458187094527901e+00 2.361310816443542571e-01
1.830136986301369895e+00 0.000000000000000000e+00 1.676000000000000059e-02 9.495302508226975691e-02 5.080440751830262336e+00 2.351289826637583680e-01
1.827397260273972313e+00 0.000000000000000000e+00 1.657000000000000139e-02 9.476004932364802402e-02 5.080635087879841194e+00 2.353202506150845752e-01
1.824657534246575619e+00 0.000000000000000000e+00 1.642000000000000057e-02 9.392413192015248991e-02 5.081474615391676330e+00 2.361516037710541249e-01
1.821917808219178037e+00 0.000000000000000000e+00 1.608000000000000054e-02 9.296061583733504496e-02 5.082441591777969947e+00 2.371107340301663313e-01
1.819178082191780899e+00 0.000000000000000000e+00 1.685999999999999999e-02 9.543036077333963418e-02 5.079964621944093928e+00 2.346501671427729807e-01
1.813698630136986401e+00 0.000000000000000000e+00 1.737700000000000009e-02 9.681200303755466141e-02 5.078579457648407569e+00 2.332730053774353662e-01
1.810958904109589040e+00 0.000000000000000000e+00 1.699000000000000163e-02 9.643903865762216976e-02 5.078953226504959062e+00 2.336449449358538044e-01
1.808219178082191902e+00 0.000000000000000000e+00 1.745000000000000023e-02 9.770599191101905778e-02 5.077684250656101739e+00 2.323805727145553390e-01
1.805479452054794320e+00 0.000000000000000000e+00 1.762999999999999984e-02 9.857132227195197771e-02 5.076817836007088580e+00 2.315166276124919764e-01
1.802739726027396738e+00 0.000000000000000000e+00 1.735000000000000084e-02 9.754698685561566385e-02 5.077843258156873318e+00 2.325395736834826588e-01
1.800000000000000044e+00 0.000000000000000000e+00 1.768000000000000127e-02 9.852281692888652243e-02 5.076866566707672668e+00 2.315648455418166940e-01
1.794520547945205546e+00 0.000000000000000000e+00 1.794400000000000162e-02 9.976584278512966308e-02 5.075622681956153848e+00 2.303229191683343613e-01
1.791780821917808186e+00 0.000000000000000000e+00 1.784000000000000169e-02 9.947215507234068166e-02 5.075916552131262804e+00 2.306163732391393606e-01
1.789041095890411048e+00 0.000000000000000000e+00 1.715999999999999817e-02 9.700700166514683587e-02 5.078382854603130880e+00 2.330800544865113677e-01
1.786301369863013688e+00 0.000000000000000000e+00 1.683000000000000121e-02 9.599443960497640316e-02 5.079395803593747871e+00 2.340921206563672530e-01
1.783561643835616328e+00 0.000000000000000000e+00 1.737000000000000002e-02 9.745995920297141624e-02 5.077929796342128377e+00 2.326272261717142464e-01
1.775342465753424692e+00 0.000000000000000000e+00 1.708300000000000096e-02 9.710361531109919231e-02 5.078286234979850988e+00 2.329834485762330432e-01
1.772602739726027110e+00 0.000000000000000000e+00 1.768000000000000127e-02 9.912841654197673824e-02 5.076261007827389093e+00 2.309591936278439228e-01
1.769863013698630194e+00 0.000000000000000000e+00 1.828000000000000111e-02 1.011358078644660763e-01 5.074253270845698438e+00 2.289522457419749524e-01
1.767123287671232834e+00 0.000000000000000000e+00 1.935999999999999874e-02 1.049255033307399387e-01 5.070463046978521682e+00 2.251632283009931956e-01
1.764383561643835696e+00 0.000000000000000000e+00 2.017000000000000043e-02 1.073125461500172850e-01 5.068075725554737510e+00 2.227765430480732889e-01
1.761643835616438336e+00 0.000000000000000000e+00 2.060999999999999985e-02 1.087891268330785782e-01 5.066599003757081832e+00 2.213001435165403985e-01
1.756164383561643838e+00 0.000000000000000000e+00 2.084799999999999848e-02 1.096757419802229377e-01 5.065712320136911195e+00 2.204136162935957099e-01
1.753424657534246478e+00 0.000000000000000000e+00 2.021999999999999839e-02 1.078815662492857153e-01 5.067506612036360103e+00 2.222076428176880669e-01
1.750684931506849118e+00 0.000000000000000000e+00 1.975000000000000019e-02 1.062187378075269556e-01 5.069169527665831509e+00 2.238703592363055217e-01
1.747945205479451980e+00 0.000000000000000000e+00 1.958999999999999977e-02 1.056445318317812132e-01 5.069743758033209424e+00 2.244445338594716621e-01
1.745205479452054842e+00 0.000000000000000000e+00 2.001000000000000001e-02 1.070824500712731636e-01 5.068305789918817084e+00 2.230066797588640959e-01
1.742465753424657704e+00 0.000000000000000000e+00 2.057999999999999760e-02 1.090742640029102317e-01 5.066313920002106563e+00 2.210149378667146391e-01
1.736986301369862984e+00 0.000000000000000000e+00 2.097300000000000206e-02 1.102112752132304724e-01 5.065176881951502175e+00 2.198779612139244166e-01
1.734246575342465846e+00 0.000000000000000000e+00 2.068000000000000047e-02 1.094886447077062092e-01 5.065899526622076543e+00 2.206005734679313823e-01
1.731506849315068486e+00 0.000000000000000000e+00 2.115000000000000213e-02 1.107470656307763396e-01 5.064641085603779125e+00 2.193421784631910121e-01
1.728767123287671126e+00 0.000000000000000000e+00 2.016000000000000084e-02 1.077870909151889545e-01 5.067601098078126753e+00 2.223021044127931334e-01
1.726027397260273988e+00 0.000000000000000000e+00 2.033999999999999697e-02 1.082596518143199987e-01 5.067128532057384227e+00 2.218295501361296496e-01
1.723287671232876628e+00 0.000000000000000000e+00 1.998000000000000123e-02 1.071986095535438083e-01 5.068189583310793722e+00 2.228905807436649122e-01
1.717808219178081908e+00 0.000000000000000000e+00 2.028800000000000048e-02 1.082488111182283302e-01 5.067139374369589611e+00 2.218403887576833877e-01
1.715068493150684992e+00 0.000000000000000000e+00 1.937000000000000180e-02 1.053680378744839552e-01 5.070020163928829149e+00 2.247211407539721761e-01
1.712328767123287632e+00 0.000000000000000000e+00 1.940000000000000058e-02 1.055324903156367872e-01 5.069855710797771309e+00 2.245566892159430727e-01
1.709589041095890494e+00 0.000000000000000000e+00 1.934999999999999915e-02 1.054891273334745694e-01 5.069899074017121698e+00 2.246000518890574338e-01
1.706849315068493134e+00 0.000000000000000000e+00 1.895999999999999769e-02 1.039877329830749542e-01 5.071400472919061819e+00 2.261014402356503472e-01
1.704109589041095996e+00 0.000000000000000000e+00 1.958000000000000018e-02 1.063891342455799000e-01 5.068999065731853548e+00 2.237000468371834472e-01
1.698630136986301276e+00 0.000000000000000000e+00 1.960499999999999743e-02 1.063031097702564348e-01 5.069085090381855174e+00 2.237860710789871532e-01
1.695890410958903916e+00 0.000000000000000000e+00 1.997000000000000164e-02 1.075324976762271900e-01 5.067855700453081980e+00 2.225566859027471867e-01
1.693150684931506778e+00 0.000000000000000000e+00 2.069999999999999965e-02 1.099151340451837017e-01 5.065473060896729329e+00 2.201740538838704575e-01
1.690410958904109640e+00 0.000000000000000000e+00 2.043999999999999984e-02 1.090566259769132906e-01 5.066331569912050803e+00 2.210325606431448320e-01
1.687671232876712502e+00 0.000000000000000000e+00 2.101000000000000090e-02 1.106449776764378695e-01 5.064743216777969792e+00 2.194442109579199107e-01
1.684931506849315141e+00 0.000000000000000000e+00 2.069000000000000006e-02 1.098379422853474341e-01 5.065550252738706405e+00 2.202512455298594740e-01
1.679452054794520643e+00 0.000000000000000000e+00 2.090099999999999944e-02 1.104770660146110889e-01 5.064911128637331394e+00 2.196121223479407802e-01
1.676712328767123283e+00 0.000000000000000000e+00 2.079999999999999905e-02 1.101506042970584465e-01 5.065237590490608177e+00 2.199385838556393025e-01
1.673972602739725923e+00 0.000000000000000000e+00 1.995999999999999858e-02 1.074745867405947769e-01 5.067913608986764906e+00 2.226145999136873999e-01
1.671232876712328785e+00 0.000000000000000000e+00 1.992999999999999980e-02 1.077356890895336261e-01 5.067652506572433602e+00 2.223534976772136018e-01
1.668493150684931425e+00 0.000000000000000000e+00 1.975000000000000019e-02 1.070067799501163430e-01 5.068381415864986472e+00 2.230824065404135859e-01
1.665753424657534509e+00 0.000000000000000000e+00 1.990000000000000102e-02 1.077115457846135188e-01 5.067676649918666953e+00 2.223776409264988929e-01
1.657534246575342429e+00 0.000000000000000000e+00 2.005799999999999944e-02 1.082689925614704340e-01 5.067119203077213641e+00 2.218201942935125737e-01
1.654794520547945291e+00 0.000000000000000000e+00 2.052999999999999964e-02 1.098690081055373607e-01 5.065539862505201718e+00 2.194815084577581565e-01
1.652054794520547931e+00 0.000000000000000000e+00 2.123000000000000234e-02 1.125735306240326083e-01 5.062819910902807585e+00 2.173565174549004775e-01
1.649315068493150793e+00 0.000000000000000000e+00 2.125999999999999765e-02 1.127114463419168211e-01 5.062681402581355350e+00 2.172426687308795235e-01
1.646575342465753433e+00 0.000000000000000000e+00 2.162000000000000033e-02 1.138350653786827510e-01 5.061552973335790462e+00 2.163149095011270839e-01
1.641095890410958935e+00 0.000000000000000000e+00 2.175099999999999950e-02 1.145226250580389793e-01 5.060862899014468397e+00 2.157336831640568053e-01
1.638356164383561575e+00 0.000000000000000000e+00 2.196000000000000035e-02 1.154991707908814141e-01 5.059883448201925482e+00 2.148852104904194205e-01
1.635616438356164437e+00 0.000000000000000000e+00 2.205999999999999975e-02 1.158455932616272582e-01 5.059536112436748390e+00 2.145800256210350643e-01
1.632876712328767077e+00 0.000000000000000000e+00 2.245000000000000120e-02 1.174771515441884739e-01 5.057901177090224465e+00 2.131066063036902436e-01
1.630136986301369939e+00 0.000000000000000000e+00 2.299999999999999961e-02 1.194762136825339993e-01 5.055898657938056040e+00 2.112733763721491853e-01
1.627397260273972579e+00 0.000000000000000000e+00 2.507000000000000201e-02 1.271646709727297653e-01 5.048199348789922603e+00 2.041174906698285940e-01
1.621917808219178081e+00 0.000000000000000000e+00 2.533200000000000035e-02 1.281149941608826226e-01 5.047247894050991945e+00 2.032236263686134914e-01
1.619178082191780721e+00 0.000000000000000000e+00 2.799000000000000099e-02 1.377321495423745878e-01 5.037728997695997357e+00 1.941064358979255056e-01
1.616438356164383583e+00 0.000000000000000000e+00 3.052000000000000199e-02 1.473113378596576650e-01 5.027789521262986838e+00 1.848270481937832332e-01
1.613698630136986223e+00 0.000000000000000000e+00 2.963999999999999968e-02 1.439148602420735890e-01 5.031291816720520949e+00 1.881339663407450569e-01
1.610958904109589085e+00 0.000000000000000000e+00 2.884999999999999717e-02 1.407865754502881372e-01 5.034499291999488868e+00 1.911941831994661278e-01
1.608219178082191503e+00 0.000000000000000000e+00 2.857000000000000164e-02 1.396713334870645362e-01 5.035636566992748975e+00 1.922902043300362407e-01
1.600000000000000089e+00 0.000000000000000000e+00 2.873299999999999813e-02 1.407944522395235265e-01 5.034493634400169171e+00 1.911844800050529480e-01
1.597260273972602729e+00 0.000000000000000000e+00 2.922999999999999904e-02 1.428408233329998001e-01 5.032418408890467099e+00 1.891636838091419470e-01
1.594520547945205369e+00 0.000000000000000000e+00 2.793999999999999956e-02 1.381702981838731914e-01 5.037143826373155164e+00 1.937852320654889771e-01
1.591780821917808231e+00 0.000000000000000000e+00 2.765000000000000097e-02 1.370477094772866999e-01 5.038277169788128340e+00 1.948981671212122735e-01
1.589041095890410871e+00 0.000000000000000000e+00 2.830000000000000224e-02 1.393925399667664822e-01 5.035913711199905052e+00 1.925701359771222199e-01
1.583561643835616373e+00 0.000000000000000000e+00 2.832700000000000148e-02 1.393510384704769456e-01 5.035955188735637300e+00 1.926116551311565783e-01
1.580821917808219235e+00 0.000000000000000000e+00 2.875000000000000125e-02 1.412126792723195912e-01 5.034083675825601567e+00 1.907589839145266142e-01
1.578082191780822097e+00 0.000000000000000000e+00 2.876999999999999696e-02 1.412177678649083890e-01 5.034078509983610061e+00 1.907539651854205653e-01
1.575342465753424737e+00 0.000000000000000000e+00 2.847999999999999837e-02 1.403472321016655533e-01 5.034952189723151506e+00 1.916216304993379471e-01
1.572602739726027377e+00 0.000000000000000000e+00 2.790000000000000119e-02 1.384441465365510437e-01 5.036860929695190947e+00 1.935195440730605454e-01
1.569863013698630239e+00 0.000000000000000000e+00 2.717999999999999930e-02 1.357654472658956502e-01 5.039855319778501652e+00 1.962800137506430231e-01
1.561643835616438380e+00 0.000000000000000000e+00 2.778700000000000267e-02 1.380653987769221436e-01 5.037550261057342382e+00 1.939840249632073521e-01
1.558904109589041020e+00 0.000000000000000000e+00 2.751999999999999932e-02 1.371290937205509319e-01 5.038488252351292829e+00 1.949190201908344022e-01
1.556164383561644105e+00 0.000000000000000000e+00 2.789000000000000160e-02 1.384883099240871440e-01 5.037126996775047161e+00 1.935613894323645889e-01
1.553424657534246300e+00 0.000000000000000000e+00 2.865000000000000185e-02 1.412458950546531811e-01 5.034366057513825155e+00 1.908064138761729756e-01
1.550684931506849384e+00 0.000000000000000000e+00 2.944000000000000089e-02 1.439094970650295346e-01 5.031699779797072836e+00 1.881448948406073407e-01
1.545205479452054886e+00 0.000000000000000000e+00 2.922800000000000051e-02 1.430640853559638492e-01 5.032545840641398982e+00 1.889898008855880607e-01
1.542465753424657526e+00 0.000000000000000000e+00 2.994000000000000133e-02 1.457609725270505585e-01 5.029847137646857647e+00 1.862943286212083160e-01
1.539726027397260166e+00 0.000000000000000000e+00 2.999000000000000277e-02 1.461291755585661101e-01 5.029478739166168388e+00 1.859262779493832674e-01
1.536986301369863028e+00 0.000000000000000000e+00 3.210999999999999965e-02 1.534688206841088587e-01 5.022135813082186928e+00 1.785891911520480768e-01
1.534246575342465668e+00 0.000000000000000000e+00 3.170999999999999514e-02 1.523298387137567989e-01 5.023275229716846368e+00 1.797278341147835468e-01
1.531506849315068308e+00 0.000000000000000000e+00 3.091000000000000345e-02 1.490593814997843158e-01 5.026546651884983952e+00 1.829975384951211537e-01
1.526027397260274032e+00 0.000000000000000000e+00 3.106599999999999639e-02 1.498173828901907811e-01 5.025788458141518866e+00 1.822396872015047131e-01
1.523287671232876894e+00 0.000000000000000000e+00 3.128000000000000225e-02 1.507014101658680494e-01 5.024904252057441845e+00 1.813557994893771896e-01
1.520547945205479534e+00 0.000000000000000000e+00 3.198999999999999760e-02 1.531859286532311626e-01 5.022419324734684665e+00 1.788716001826398116e-01
1.517808219178082174e+00 0.000000000000000000e+00 3.180000000000000188e-02 1.525426225379007406e-01 5.023062718192453424e+00 1.795148380930526588e-01
1.515068493150685036e+00 0.000000000000000000e+00 3.092999999999999916e-02 1.496732158171467097e-01 5.025932443358994028e+00 1.823839960756029055e-01
1.512328767123287676e+00 0.000000000000000000e+00 3.017999999999999849e-02 1.470040433733704188e-01 5.028601856223064992e+00 1.850529806682572886e-01
1.506849315068493178e+00 0.000000000000000000e+00 3.017799999999999649e-02 1.472910351521725947e-01 5.028314845279838963e+00 1.847660038715093489e-01
1.504109589041095818e+00 0.000000000000000000e+00 3.060000000000000220e-02 1.484936266496519330e-01 5.027112180415164389e+00 1.835634697408451421e-01
1.501369863013698902e+00 0.000000000000000000e+00 3.052000000000000199e-02 1.485437305873534009e-01 5.027062075783327089e+00 1.835133663497860723e-01
1.498630136986301098e+00 0.000000000000000000e+00 3.000999999999999848e-02 1.467697595095535101e-01 5.028836119837108320e+00 1.852872803081447028e-01
1.495890410958904182e+00 0.000000000000000000e+00 2.916999999999999801e-02 1.441807550565026019e-01 5.031425212134075231e+00 1.878762159594940251e-01
1.493150684931506822e+00 0.000000000000000000e+00 2.974000000000000254e-02 1.460304146617993626e-01 5.029575503241275669e+00 1.860265949963471332e-01
1.487671232876712324e+00 0.000000000000000000e+00 2.963599999999999915e-02 1.456387677709303774e-01 5.029967159384028719e+00 1.864182346292641013e-01
1.484931506849314964e+00 0.000000000000000000e+00 2.979000000000000051e-02 1.459232782496394099e-01 5.029682643355700478e+00 1.861337285089479099e-01
1.482191780821917826e+00 0.000000000000000000e+00 3.100999999999999937e-02 1.500027573280929838e-01 5.025603103285760653e+00 1.820542974222474630e-01
1.479452054794520466e+00 0.000000000000000000e+00 3.137999999999999817e-02 1.512710278618426551e-01 5.024334817159774147e+00 1.807860391791391852e-01
1.476712328767123106e+00 0.000000000000000000e+00 3.116000000000000020e-02 1.508704950867022776e-01 5.024735354186137926e+00 1.811865685979593410e-01
1.473972602739725968e+00 0.000000000000000000e+00 3.269000000000000378e-02 1.557801700285761926e-01 5.019825639380060878e+00 1.762769252396775288e-01
1.468493150684931692e+00 0.000000000000000000e+00 3.298600000000000143e-02 1.566648095682416919e-01 5.018940993740885759e+00 1.753922905453610126e-01
1.465753424657534332e+00 0.000000000000000000e+00 3.273999999999999827e-02 1.560059287826562613e-01 5.019599878099699986e+00 1.760511684789168030e-01
1.463013698630136972e+00 0.000000000000000000e+00 3.285000000000000420e-02 1.564071403474321664e-01 5.019198664797910325e+00 1.756499583083448723e-01
1.460273972602739834e+00 0.000000000000000000e+00 3.269000000000000378e-02 1.557801675623101123e-01 5.019825639801917205e+00 1.762769293014979921e-01
1.457534246575342474e+00 0.000000000000000000e+00 3.253000000000000336e-02 1.550591104761039618e-01 5.020546698854074563e+00 1.769979847840946474e-01
1.454794520547945114e+00 0.000000000000000000e+00 3.250000000000000111e-02 1.552652764330528512e-01 5.020340532384639509e+00 1.767918192469262739e-01
1.449315068493150616e+00 0.000000000000000000e+00 3.252599999999999936e-02 1.551295675116116102e-01 5.020476241487428659e+00 1.769275280137961870e-01
1.446575342465753700e+00 0.000000000000000000e+00 3.228000000000000314e-02 1.547136032999708588e-01 5.020892206378580802e+00 1.773434916551481222e-01
1.443835616438355895e+00 0.000000000000000000e+00 3.262999999999999928e-02 1.557912602589835438e-01 5.019814548039189361e+00 1.762658358769877698e-01
1.441095890410958980e+00 0.000000000000000000e+00 3.280999999999999889e-02 1.563972716862463141e-01 5.019208535996837917e+00 1.756598249879955942e-01
1.438356164383561620e+00 0.000000000000000000e+00 3.228000000000000314e-02 1.547218691685897929e-01 5.020883939908211246e+00 1.773352262569671545e-01
1.435616438356164482e+00 0.000000000000000000e+00 3.243000000000000049e-02 1.551151501985774395e-01 5.020490658608174783e+00 1.769419454755163101e-01
1.430136986301369761e+00 0.000000000000000000e+00 3.261800000000000116e-02 1.559779710036484357e-01 5.019627837360636669e+00 1.760791250986601109e-01
1.427397260273972623e+00 0.000000000000000000e+00 3.314999999999999891e-02 1.574911946358551473e-01 5.018114613091995579e+00 1.745659021085272933e-01
1.424657534246575263e+00 0.000000000000000000e+00 3.287999999999999950e-02 1.565342590295453473e-01 5.019071549001744792e+00 1.755228373860921454e-01
1.421917808219177903e+00 0.000000000000000000e+00 3.330000000000000321e-02 1.579001468956486576e-01 5.017705660781809129e+00 1.741569499273512567e-01
1.419178082191780765e+00 0.000000000000000000e+00 3.330000000000000321e-02 1.581608370687986598e-01 5.017444970565337670e+00 1.738962598130506798e-01
1.416438356164383627e+00 0.000000000000000000e+00 3.359000000000000180e-02 1.589257857164790011e-01 5.016680021806272372e+00 1.731313113257834102e-01
1.410958904109589129e+00 0.000000000000000000e+00 3.342599999999999738e-02 1.586790662964066845e-01 5.016926741259564615e+00 1.733780306962314777e-01
1.408219178082191769e+00 0.000000000000000000e+00 3.414000000000000368e-02 1.607274641915161506e-01 5.014878343220923185e+00 1.713296331099045111e-01
1.405479452054794631e+00 0.000000000000000000e+00 3.475000000000000311e-02 1.627407459418498681e-01 5.012865061385848975e+00 1.693163516191001361e-01
1.402739726027397271e+00 0.000000000000000000e+00 3.482999999999999985e-02 1.629369051823667258e-01 5.012668902142866756e+00 1.691201923993505829e-01
1.399999999999999911e+00 0.000000000000000000e+00 3.508999999999999619e-02 1.639181540820950911e-01 5.011687653243274809e+00 1.681389435937720167e-01
1.397260273972602773e+00 0.000000000000000000e+00 3.466000000000000331e-02 1.619258194073224799e-01 5.013679987887876166e+00 1.701312781007140729e-01
1.389041095890410915e+00 0.000000000000000000e+00 3.447100000000000164e-02 1.619222882861139634e-01 5.013683519009751954e+00 1.701348092210643870e-01
1.386301369863013777e+00 0.000000000000000000e+00 3.520999999999999824e-02 1.641035842905279318e-01 5.011502223081411245e+00 1.679535133668041136e-01
1.383561643835616417e+00 0.000000000000000000e+00 3.608000000000000096e-02 1.669240971116552064e-01 5.008681710382374419e+00 1.651330007213203388e-01
1.380821917808219279e+00 0.000000000000000000e+00 3.597000000000000197e-02 1.664267696756032699e-01 5.009179037793815681e+00 1.656303281288118157e-01
1.378082191780821919e+00 0.000000000000000000e+00 3.662999999999999590e-02 1.685098169248402666e-01 5.007095990659624185e+00 1.635472809898807500e-01
1.372602739726027421e+00 0.000000000000000000e+00 3.695400000000000074e-02 1.694355722195890757e-01 5.006170235420040804e+00 1.626215257410015269e-01
1.369863013698630061e+00 0.000000000000000000e+00 3.668000000000000427e-02 1.684936578288772913e-01 5.007112149750950536e+00 1.635634400879065753e-01
1.367123287671232923e+00 0.000000000000000000e+00 3.930999999999999772e-02 1.766320697025242081e-01 4.998973738417494594e+00 1.554250285744152027e-01
1.364383561643835563e+00 0.000000000000000000e+00 3.941000000000000059e-02 1.769369054438103273e-01 4.998668902697350980e+00 1.551201928459148838e-01
1.361643835616438425e+00 0.000000000000000000e+00 3.994000000000000328e-02 1.785437313145423199e-01 4.997062076940576247e+00 1.535133670405919859e-01
1.358904109589041065e+00 0.000000000000000000e+00 3.964000000000000162e-02 1.774153224039602961e-01 4.998190485769373304e+00 1.546417759066129327e-01
1.353424657534246567e+00 0.000000000000000000e+00 3.985400000000000054e-02 1.780768629495655397e-01 4.997528945272575740e+00 1.539802353864534457e-01
1.350684931506849207e+00 0.000000000000000000e+00 4.054999999999999577e-02 1.802070844846303532e-01 4.995398723897021220e+00 1.518500139315186459e-01
1.347945205479452069e+00 0.000000000000000000e+00 4.037999999999999923e-02 1.796270798319377637e-01 4.995978728505821032e+00 1.524300185627547599e-01
1.345205479452054709e+00 0.000000000000000000e+00 4.073000000000000231e-02 1.802993265338279638e-01 4.995306481855201319e+00 1.517577718854229429e-01
1.342465753424657571e+00 0.000000000000000000e+00 4.075000000000000150e-02 1.807772226823975981e-01 4.994828585743547933e+00 1.512798757539473016e-01
1.339726027397260211e+00 0.000000000000000000e+00 4.130999999999999950e-02 1.826152137243862716e-01 4.993032035831086013e+00 1.503929985446383621e-01
1.334246575342465491e+00 0.000000000000000000e+00 4.157700000000000284e-02 1.825707458251508986e-01 4.993076760312164630e+00 1.504428443933309711e-01
1.331506849315068575e+00 0.000000000000000000e+00 4.146999999999999992e-02 1.820929923077631296e-01 4.993556974387938219e+00 1.509711212076173814e-01
1.328767123287671215e+00 0.000000000000000000e+00 4.145999999999999686e-02 1.818910247777548173e-01 4.993759741736252700e+00 1.511889484824152918e-01
1.326027397260274077e+00 0.000000000000000000e+00 3.980000000000000204e-02 1.781980004477754509e-01 4.997742001040500703e+00 1.608081994810551252e-01
1.323287671232876717e+00 0.000000000000000000e+00 3.971000000000000224e-02 1.783213746685959611e-01 4.997892551890107171e+00 1.663647462812107847e-01
1.320547945205479357e+00 0.000000000000000000e+00 3.996999999999999859e-02 1.788231202987524693e-01 4.997384214867777175e+00 1.657273062081410231e-01
1.315068493150684859e+00 0.000000000000000000e+00 3.989000000000000185e-02 1.782973120946858836e-01 4.997911899231066712e+00 1.662898296808078824e-01
1.312328767123287498e+00 0.000000000000000000e+00 3.973000000000000143e-02 1.774788662494883873e-01 4.998732513245296438e+00 1.671496829870987855e-01
1.309589041095890360e+00 0.000000000000000000e+00 3.969999999999999918e-02 1.775115340543931552e-01 4.998699818667159178e+00 1.671165522598459796e-01
1.306849315068493222e+00 0.000000000000000000e+00 4.144999999999999379e-02 1.816009125918644773e-01 4.994603115361813117e+00 1.628905734933031313e-01
1.304109589041096084e+00 0.000000000000000000e+00 4.176999999999999463e-02 1.821450249950465616e-01 4.994058191639167532e+00 1.623314539736980255e-01
1.301369863013698724e+00 0.000000000000000000e+00 4.180999999999999994e-02 1.821730894540752599e-01 4.994030109854309174e+00 1.623030789752061553e-01
1.293150684931506866e+00 0.000000000000000000e+00 4.318600000000000216e-02 1.847169998051314543e-01 4.991483711756070640e+00 1.597137615578268499e-01
1.290410958904109506e+00 0.000000000000000000e+00 4.269999999999999490e-02 1.835074382110949698e-01 4.992694206141067070e+00 1.609402607092101367e-01
1.287671232876712368e+00 0.000000000000000000e+00 4.259000000000000286e-02 1.832252378996127584e-01 4.992976594403272905e+00 1.612258639126746829e-01
1.284931506849315008e+00 0.000000000000000000e+00 4.438999999999999890e-02 1.873417027702590221e-01 4.988857996746898671e+00 1.570709241288204550e-01
1.282191780821918092e+00 0.000000000000000000e+00 4.483999999999999792e-02 1.883695595798656475e-01 4.987829712531590687e+00 1.560353766622967764e-01
1.276712328767123372e+00 0.000000000000000000e+00 4.521600000000000619e-02 1.887620802873637427e-01 4.987437054010458226e+00 1.556403803108294681e-01
1.273972602739726012e+00 0.000000000000000000e+00 4.490999999999999853e-02 1.880691135944436987e-01 4.988130226845235882e+00 1.563370449419849151e-01
1.271232876712328874e+00 0.000000000000000000e+00 4.490999999999999853e-02 1.876890670922321258e-01 4.988510361561235840e+00 1.567186714867978281e-01
1.268493150684931514e+00 0.000000000000000000e+00 4.596000000000000085e-02 1.901221563545138216e-01 4.986076818009690825e+00 1.542774538783792670e-01
1.265753424657534154e+00 0.000000000000000000e+00 4.655000000000000110e-02 1.911871400692948531e-01 4.985011669113240451e+00 1.532095168291973397e-01
1.263013698630137016e+00 0.000000000000000000e+00 4.567000000000000226e-02 1.890659659935740033e-01 4.987133112174130467e+00 1.553354971896881154e-01
1.257534246575342296e+00 0.000000000000000000e+00 4.610600000000000115e-02 1.896572205062954375e-01 4.986541798304521045e+00 1.547431826168081948e-01
1.254794520547945158e+00 0.000000000000000000e+00 4.615999999999999964e-02 1.894006683792104351e-01 4.986798370726662100e+00 1.550000970689882351e-01
1.252054794520548020e+00 0.000000000000000000e+00 4.580000000000000043e-02 1.888037594602279268e-01 4.987395324944774444e+00 1.555978146233794324e-01
1.249315068493150882e+00 0.000000000000000000e+00 4.553000000000000103e-02 1.876810251767751514e-01 4.988518122675479560e+00 1.567216813498977512e-01
1.246575342465753522e+00 0.000000000000000000e+00 4.501000000000000140e-02 1.861640479130215464e-01 4.990035168989283676e+00 1.582398910826940952e-01
1.243835616438356162e+00 0.000000000000000000e+00 4.570000000000000451e-02 1.877326629074747011e-01 4.988466494959434172e+00 1.566702222493740748e-01
1.238356164383561664e+00 0.000000000000000000e+00 4.591499999999999748e-02 1.877665151781402197e-01 4.988432641243180754e+00 1.566363441787897437e-01
1.235616438356164304e+00 0.000000000000000000e+00 4.636999999999999456e-02 1.888200445977084585e-01 4.987379085849826588e+00 1.555823508080315110e-01
1.232876712328767166e+00 0.000000000000000000e+00 4.642000000000000293e-02 1.887494359474097827e-01 4.987449696522052278e+00 1.556529955612341032e-01
1.230136986301369806e+00 0.000000000000000000e+00 4.732000000000000095e-02 1.901788438237924928e-01 4.986020263479983505e+00 1.542231377502904510e-01
1.227397260273972890e+00 0.000000000000000000e+00 4.777999999999999609e-02 1.912984757621953302e-01 4.984900615850127004e+00 1.531032250111904469e-01
1.224657534246575308e+00 0.000000000000000000e+00 4.743999999999999606e-02 1.902855563084683566e-01 4.985913546568353283e+00 1.541163462862997491e-01
1.219178082191780810e+00 0.000000000000000000e+00 4.785000000000000364e-02 1.907481375278919922e-01 4.985450960753987637e+00 1.536536826834825065e-01
1.216438356164383672e+00 0.000000000000000000e+00 4.786999999999999589e-02 1.906652332466071686e-01 4.985533865500721085e+00 1.537365953531680263e-01
1.213698630136986312e+00 0.000000000000000000e+00 4.759999999999999648e-02 1.901201067334291894e-01 4.986078995544691139e+00 1.542817853972231479e-01
1.210958904109588952e+00 0.000000000000000000e+00 4.742999999999999994e-02 1.893184508821375844e-01 4.986880655377326832e+00 1.550835131125058719e-01
1.208219178082191814e+00 0.000000000000000000e+00 4.578000000000000125e-02 1.855150101701347476e-01 4.990684111776907628e+00 1.588872377711511297e-01
1.199999999999999956e+00 0.000000000000000000e+00 4.586500000000000299e-02 1.850447281389412391e-01 4.991154395362498164e+00 1.593575480509697995e-01
1.197260273972602818e+00 0.000000000000000000e+00 4.628999999999999782e-02 1.858243829275987580e-01 4.990374738416726075e+00 1.585778539054603364e-01
1.194520547945205680e+00 0.000000000000000000e+00 4.605000000000000759e-02 1.851176363997155405e-01 4.991081486516806720e+00 1.592846292873839054e-01
1.191780821917808320e+00 0.000000000000000000e+00 4.619999999999999801e-02 1.852685948863899701e-01 4.990930527748197676e+00 1.591336655968999259e-01
1.189041095890410960e+00 0.000000000000000000e+00 4.682000000000000051e-02 1.864139706344505043e-01 4.989785150295749538e+00 1.579882581051852974e-01
1.186301369863013599e+00 0.000000000000000000e+00 4.735000000000000320e-02 1.878217529783368922e-01 4.988377366347092057e+00 1.565804454702453830e-01
1.180821917808219101e+00 0.000000000000000000e+00 4.778500000000000109e-02 1.877925554339093805e-01 4.988406563882557876e+00 1.566096428908960447e-01
1.178082191780821963e+00 0.000000000000000000e+00 4.746000000000000218e-02 1.871031320555011090e-01 4.989095987798212839e+00 1.572990766771344973e-01
1.175342465753424603e+00 0.000000000000000000e+00 4.788000000000000589e-02 1.876194035956907924e-01 4.988579715911845014e+00 1.567827983425801319e-01
1.172602739726027687e+00 0.000000000000000000e+00 4.757999999999999730e-02 1.869121642139983941e-01 4.989286955638156940e+00 1.574900447247196966e-01
1.169863013698630105e+00 0.000000000000000000e+00 4.763200000000000073e-02 1.867060160856040818e-01 4.989493103832489673e+00 1.576961942793354277e-01
1.167123287671232967e+00 0.000000000000000000e+00 4.759000000000000036e-02 1.865665976975253160e-01 4.989632522262544612e+00 1.578356135853053177e-01
1.161643835616438247e+00 0.000000000000000000e+00 4.794299999999999951e-02 1.869334807736522663e-01 4.989265639095237681e+00 1.574687284370227813e-01
1.158904109589041109e+00 0.000000000000000000e+00 4.756000000000000505e-02 1.855571245361849197e-01 4.990641995567822065e+00 1.588450905443624106e-01
1.156164383561643527e+00 0.000000000000000000e+00 4.744999999999999912e-02 1.855150396581463634e-01 4.990684080452609805e+00 1.588871755939783859e-01
1.153424657534246611e+00 0.000000000000000000e+00 4.732000000000000095e-02 1.847002822325917448e-01 4.991498837951310996e+00 1.597019353188331714e-01
1.150684931506849251e+00 0.000000000000000000e+00 4.655999999999999722e-02 1.829203377060647784e-01 4.993278782594485321e+00 1.614818841001678662e-01
1.147945205479451891e+00 0.000000000000000000e+00 4.683999999999999969e-02 1.835226366074644011e-01 4.992676483664753029e+00 1.608795839572516317e-01
1.142465753424657615e+00 0.000000000000000000e+00 4.703500000000000042e-02 1.836449611410582161e-01 4.992554159128300029e+00 1.607572592231502062e-01
1.139726027397260477e+00 0.000000000000000000e+00 4.759999999999999648e-02 1.846007263661059161e-01 4.991598393896489405e+00 1.598014927080732561e-01
1.136986301369863117e+00 0.000000000000000000e+00 4.730000000000000177e-02 1.838594375160640115e-01 4.992339682741646634e+00 1.605427823783149854e-01
1.134246575342465757e+00 0.000000000000000000e+00 4.674999999999999989e-02 1.825560984200044756e-01 4.993643021813944927e+00 1.618461226464329439e-01
1.131506849315068397e+00 0.000000000000000000e+00 4.694000000000000256e-02 1.826613868508839833e-01 4.993537733386076205e+00 1.617408341402385152e-01
1.128767123287671259e+00 0.000000000000000000e+00 4.708000000000000379e-02 1.828326485352385344e-01 4.993366471708093002e+00 1.615695723596735911e-01
1.123287671232876761e+00 0.000000000000000000e+00 4.754599999999999799e-02 1.832846445917635514e-01 4.992914475670134244e+00 1.611175760805272916e-01
1.120547945205479401e+00 0.000000000000000000e+00 4.759999999999999648e-02 1.834631941365968966e-01 4.992735926134422186e+00 1.609390264795786951e-01
1.117808219178082485e+00 0.000000000000000000e+00 4.639999999999999680e-02 1.807096194229109443e-01 4.995489500707439134e+00 1.636926020591100983e-01
1.115068493150684903e+00 0.000000000000000000e+00 4.652999999999999498e-02 1.806435626339783218e-01 4.995555557492742160e+00 1.637586588642221674e-01
1.112328767123287765e+00 0.000000000000000000e+00 4.658000000000000335e-02 1.805165987087975488e-01 4.995682521410568455e+00 1.638856228137841597e-01
1.109589041095890405e+00 0.000000000000000000e+00 4.607999999999999596e-02 1.789981453328022554e-01 4.997200974695195974e+00 1.654040764215013171e-01
1.104109589041095907e+00 0.000000000000000000e+00 4.602500000000000341e-02 1.787827732153639271e-01 4.997416346799262499e+00 1.656194485644020276e-01
1.101369863013698325e+00 0.000000000000000000e+00 4.652999999999999498e-02 1.795786876351334327e-01 4.996620432429619285e+00 1.648235340628804724e-01
1.098630136986301409e+00 0.000000000000000000e+00 4.642000000000000293e-02 1.791533677234264932e-01 4.997045752313790778e+00 1.652488540049608934e-01
1.095890410958904049e+00 0.000000000000000000e+00 4.606999999999999984e-02 1.785189231849812763e-01 4.997680196810809328e+00 1.658832985824223449e-01
1.093150684931506911e+00 0.000000000000000000e+00 4.660000000000000253e-02 1.794181652269671301e-01 4.996780954828543564e+00 1.649840565030666895e-01
1.090410958904109551e+00 0.000000000000000000e+00 4.663999999999999396e-02 1.788969607923090455e-01 4.997302159228133256e+00 1.655052609513277817e-01
1.082191780821917915e+00 0.000000000000000000e+00 4.691000000000000031e-02 1.791467589882690947e-01 4.997052361049075131e+00 1.652554627505425644e-01
1.079452054794520555e+00 0.000000000000000000e+00 4.707000000000000073e-02 1.792336482767960537e-01 4.996965471766444011e+00 1.651685734606357370e-01
1.076712328767123195e+00 0.000000000000000000e+00 4.703000000000000236e-02 1.792350817151876219e-01 4.996964038328233215e+00 1.651671400236551235e-01
1.073972602739726057e+00 0.000000000000000000e+00 4.691000000000000031e-02 1.785780755796805286e-01 4.997621044418605329e+00 1.658241461597444177e-01
1.071232876712328697e+00 0.000000000000000000e+00 4.732999999999999707e-02 1.792050714469502481e-01 4.996994048594593174e+00 1.651971502951725956e-01
1.063013698630137061e+00 0.000000000000000000e+00 4.743800000000000100e-02 1.788277677962482326e-01 4.997371352219199814e+00 1.655744539429654938e-01
1.060273972602739700e+00 0.000000000000000000e+00 4.712999999999999828e-02 1.778576263493434340e-01 4.998341493598799090e+00 1.665445953790398725e-01
1.057534246575342562e+00 0.000000000000000000e+00 4.710000000000000298e-02 1.776954552308203095e-01 4.998503664706040794e+00 1.667067664952598394e-01
1.054794520547945202e+00 0.000000000000000000e+00 4.772000000000000547e-02 1.785201590629566792e-01 4.997678960931284387e+00 1.658820626753748917e-01
1.052054794520547842e+00 0.000000000000000000e+00 4.714000000000000135e-02 1.773993594470032464e-01 4.998799760469102793e+00 1.670028622721516365e-01
1.046575342465753122e+00 0.000000000000000000e+00 4.724799999999999833e-02 1.770875443782777836e-01 4.999111575516052675e+00 1.673146773349368788e-01
1.043835616438356206e+00 0.000000000000000000e+00 4.700000000000000011e-02 1.766462197498655795e-01 4.999552900113646281e+00 1.677560019548305081e-01
1.041095890410958846e+00 0.000000000000000000e+00 4.756000000000000505e-02 1.776191397341198852e-01 4.998579980197399131e+00 1.667830819905423423e-01
1.038356164383561708e+00 0.000000000000000000e+00 4.737000000000000238e-02 1.768643514169685182e-01 4.999334768461761058e+00 1.675378702916940632e-01
1.035616438356164348e+00 0.000000000000000000e+00 4.682000000000000051e-02 1.757756528217988834e-01 5.000423466980753240e+00 1.686265688632174464e-01
1.032876712328767210e+00 0.000000000000000000e+00 4.700000000000000011e-02 1.760684730227446704e-01 5.000130646800313272e+00 1.683337486689034934e-01
1.024657534246575352e+00 0.000000000000000000e+00 4.729300000000000170e-02 1.757605842095346094e-01 5.000438535591966271e+00 1.686416374751444625e-01
1.021917808219177992e+00 0.000000000000000000e+00 4.682999999999999663e-02 1.746568747641368546e-01 5.001542244960057282e+00 1.697453468951324596e-01
1.019178082191780854e+00 0.000000000000000000e+00 4.650000000000000661e-02 1.738994954062636211e-01 5.002299624264874289e+00 1.705027262353651651e-01
1.016438356164383494e+00 0.000000000000000000e+00 4.676999999999999907e-02 1.743335721690651152e-01 5.001865547532486467e+00 1.700686494828071715e-01
1.013698630136986356e+00 0.000000000000000000e+00 4.694000000000000256e-02 1.742611120551427195e-01 5.001938007641332007e+00 1.701411095950023378e-01
1.008219178082192080e+00 0.000000000000000000e+00 4.723900000000000321e-02 1.745780753841336685e-01 5.001621044334551236e+00 1.698241462735854690e-01
1.005479452054794498e+00 0.000000000000000000e+00 4.712999999999999828e-02 1.740679398605579353e-01 5.002131179822363549e+00 1.703342817849271273e-01
1.002739726027397360e+00 0.000000000000000000e+00 4.684999999999999581e-02 1.735593242886058762e-01 5.002639795358660990e+00 1.708428973446452781e-01
1.000000000000000000e+00 0.000000000000000000e+00 4.669999999999999846e-02 1.728524238717303874e-01 5.003346695725982229e+00 1.715497977444338518e-01
