1.517808219178082174e+00 0.000000000000000000e+00 3.910000000000000281e-03 -2.342286606301111074e-02 4.955821994942081865e+00 3.419175352522961786e-01
1.515068493150685036e+00 0.000000000000000000e+00 4.340000000000000108e-03 -2.248609255989693703e-02 4.957060192718309111e+00 3.417963360048453803e-01
1.512328767123287676e+00 0.000000000000000000e+00 4.340000000000000108e-03 -2.255209292748016139e-02 4.956973287988962085e+00 3.418049186885842028e-01
1.506849315068493178e+00 0.000000000000000000e+00 4.369000000000000487e-03 -2.261713420868163849e-02 4.956887648917580158e+00 3.418133770204662136e-01
1.504109589041095818e+00 0.000000000000000000e+00 4.599999999999999922e-03 -2.215078459424492038e-02 4.957501415543603684e+00 3.417526946060582826e-01
1.501369863013698902e+00 0.000000000000000000e+00 4.850000000000000144e-03 -2.164311030289796031e-02 4.958167913791776016e+00 3.416864132789758091e-01
1.498630136986301098e+00 0.000000000000000000e+00 4.599999999999999922e-03 -2.228529640543970222e-02 4.957327957780885974e+00 3.417706848247373808e-01
1.495890410958904182e+00 0.000000000000000000e+00 4.799999999999999580e-03 -2.189431243344543837e-02 4.957836370393895464e+00 3.417189548684824163e-01
1.493150684931506822e+00 0.000000000000000000e+00 5.620000000000000863e-03 -1.648045268294846474e-02 4.965896088431347444e+00 3.444174554162489632e-01
1.487671232876712324e+00 0.000000000000000000e+00 5.794999999999999804e-03 -1.542664635464904149e-02 4.966921958194387976e+00 3.433380689209405423e-01
1.484931506849314964e+00 0.000000000000000000e+00 5.490000000000000088e-03 -1.829858161666500505e-02 4.964125935347850849e+00 3.462794960220327289e-01
1.482191780821917826e+00 0.000000000000000000e+00 5.899999999999999863e-03 -1.498884761520418926e-02 4.967348702011245898e+00 3.428901892144285979e-01
1.479452054794520466e+00 0.000000000000000000e+00 5.849999999999999298e-03 -1.565534426970387194e-02 4.966699661583341197e+00 3.435726533983416431e-01
1.476712328767123106e+00 0.000000000000000000e+00 7.300000000000000065e-03 -3.446674353318386532e-03 4.978610381384441119e+00 3.310929036001631909e-01
1.473972602739725968e+00 0.000000000000000000e+00 7.150000000000000105e-03 -4.988849318653845559e-03 4.977103638621142245e+00 3.326671783030786811e-01
1.465753424657534332e+00 0.000000000000000000e+00 7.450000000000000025e-03 -3.208362833135493079e-03 4.978843336702341027e+00 3.308497482487985919e-01
1.463013698630136972e+00 0.000000000000000000e+00 7.329999999999999710e-03 -4.488282677747465477e-03 4.977592651053225126e+00 3.321561402395903362e-01
1.460273972602739834e+00 0.000000000000000000e+00 6.889999999999999424e-03 -8.476285127026268046e-03 4.973694603261591851e+00 3.362255261585977428e-01
1.457534246575342474e+00 0.000000000000000000e+00 6.559999999999999859e-03 -1.152140643845580431e-02 4.970716637652929037e+00 3.393313110924474074e-01
1.454794520547945114e+00 0.000000000000000000e+00 6.460000000000000464e-03 -1.261350060762761113e-02 4.969648341081580156e+00 3.404448844669039631e-01
1.446575342465753700e+00 0.000000000000000000e+00 6.509000000000000029e-03 -1.293776017876396671e-02 4.969331134478562007e+00 3.407755087743342126e-01
1.443835616438355895e+00 0.000000000000000000e+00 7.150000000000000105e-03 -7.813665802645787528e-03 4.974347022567147114e+00 3.355539588305733734e-01
1.441095890410958980e+00 0.000000000000000000e+00 7.329999999999999710e-03 -6.566549660267467087e-03 4.975569296035774691e+00 3.342845482895909215e-01
1.438356164383561620e+00 0.000000000000000000e+00 6.590000000000000371e-03 -1.300028630668806882e-02 4.969256172788390380e+00 3.408261336318426649e-01
1.435616438356164482e+00 0.000000000000000000e+00 7.099999999999999541e-03 -9.000187331009807876e-03 4.973190982013328210e+00 3.367680704066278730e-01
1.430136986301369761e+00 0.000000000000000000e+00 6.866999999999999840e-03 -1.144452959575224457e-02 4.970784232762768262e+00 3.392456923196975893e-01
1.427397260273972623e+00 0.000000000000000000e+00 6.640000000000000069e-03 -1.357624367407359034e-02 4.968684338230160868e+00 3.414055340703924246e-01
1.424657534246575263e+00 0.000000000000000000e+00 5.899999999999999863e-03 -1.911642199354247201e-02 4.969330671432819813e+00 3.690991860779311295e-01
1.421917808219177903e+00 0.000000000000000000e+00 6.660000000000000121e-03 -1.310615685920776818e-02 4.974862965685050931e+00 3.622085205194632840e-01
1.419178082191780765e+00 0.000000000000000000e+00 6.690000000000000634e-03 -1.310789147945782412e-02 4.974861353537812114e+00 3.622104714116285429e-01
1.416438356164383627e+00 0.000000000000000000e+00 6.559999999999999859e-03 -1.442016939814977187e-02 4.973641480700524475e+00 3.636857744234854306e-01
1.410958904109589129e+00 0.000000000000000000e+00 6.484000000000000180e-03 -1.553204709466978264e-02 4.972607077602427594e+00 3.649338596028144921e-01
1.408219178082191769e+00 0.000000000000000000e+00 6.840000000000000593e-03 -1.288068497549847181e-02 4.975077601223201640e+00 3.619667923914439145e-01
1.405479452054794631e+00 0.000000000000000000e+00 7.219999999999999855e-03 -1.004757885239439090e-02 4.977730006838131160e+00 3.588246141573369630e-01
1.402739726027397271e+00 0.000000000000000000e+00 7.380000000000000275e-03 -9.009384212028190633e-03 4.978706286492452726e+00 3.576824701426770114e-01
1.399999999999999911e+00 0.000000000000000000e+00 7.479999999999999670e-03 -8.461492947651576280e-03 4.979221865810828263e+00 3.570804926925596479e-01
1.397260273972602773e+00 0.000000000000000000e+00 7.530000000000000235e-03 -8.320069965270193019e-03 4.979354978392949604e+00 3.569251730369453757e-01
1.391780821917808497e+00 0.000000000000000000e+00 7.556000000000000216e-03 -8.636340731957617076e-03 4.979057281935588719e+00 3.572724972816745392e-01
1.389041095890410915e+00 0.000000000000000000e+00 8.089999999999999969e-03 -4.622835840037015261e-03 4.982850462321912310e+00 3.528975174390438507e-01
1.386301369863013777e+00 0.000000000000000000e+00 8.500000000000000611e-03 -1.618247668250833967e-03 4.985734371643550489e+00 3.497066394388397281e-01
1.383561643835616417e+00 0.000000000000000000e+00 8.600000000000000006e-03 -1.099837053371712425e-03 4.986234908963460555e+00 3.491612593458421898e-01
1.380821917808219279e+00 0.000000000000000000e+00 7.940000000000000877e-03 -6.636644730230586639e-03 4.980862864695966508e+00 3.549415033747849169e-01
1.378082191780821919e+00 0.000000000000000000e+00 8.040000000000000271e-03 -6.111117239147870021e-03 4.981378513646959938e+00 3.544019557273949128e-01
1.372602739726027421e+00 0.000000000000000000e+00 8.040999999999999537e-03 -6.646460062770087607e-03 4.980853182428523596e+00 3.549514998464661786e-01
1.369863013698630061e+00 0.000000000000000000e+00 9.110000000000000042e-03 1.526221215013148476e-03 4.988916305271088980e+00 3.466268018484852664e-01
1.367123287671232923e+00 0.000000000000000000e+00 9.579999999999999974e-03 4.936774943840096901e-03 4.992304242909783696e+00 3.431856128585868970e-01
1.364383561643835563e+00 0.000000000000000000e+00 9.270000000000000462e-03 2.204280151260610242e-03 4.989587777077826303e+00 3.459397470180154976e-01
1.361643835616438425e+00 0.000000000000000000e+00 9.399999999999998634e-03 2.931225485463288035e-03 4.990310766752498850e+00 3.452074729500537731e-01
1.358904109589041065e+00 0.000000000000000000e+00 9.860000000000000708e-03 6.646494581622907141e-03 4.989190480394949390e+00 3.496919731498549511e-01
1.353424657534246567e+00 0.000000000000000000e+00 9.830999999999999461e-03 5.816368775997666010e-03 4.988366435790128506e+00 3.505235718349331564e-01
1.350684931506849207e+00 0.000000000000000000e+00 9.979999999999999288e-03 6.801846829543253814e-03 4.987829241378155309e+00 3.521223262642525498e-01
1.347945205479452069e+00 0.000000000000000000e+00 1.044999999999999922e-02 2.438655704316553680e-02 5.012811404126531478e+00 3.215148107789293497e-01
1.345205479452054709e+00 0.000000000000000000e+00 1.026999999999999962e-02 1.858548783576222108e-02 5.008084455028799731e+00 3.302722563071507911e-01
1.342465753424657571e+00 0.000000000000000000e+00 1.028999999999999880e-02 1.906299322699841689e-02 5.008749259514579499e+00 3.294817002788653082e-01
1.339726027397260211e+00 0.000000000000000000e+00 1.068000000000000026e-02 2.827945939621346813e-02 5.020473733174774189e+00 3.134571899139485529e-01
1.334246575342465491e+00 0.000000000000000000e+00 1.108600000000000037e-02 3.616520332913777253e-02 5.029411952548310083e+00 3.026725382298645073e-01
1.331506849315068575e+00 0.000000000000000000e+00 1.078000000000000139e-02 2.981337727089575229e-02 5.022283500920265098e+00 3.111050438305952293e-01
1.328767123287671215e+00 0.000000000000000000e+00 1.147000000000000103e-02 4.362008800406463882e-02 5.037464911922862498e+00 2.938070530074931019e-01
1.326027397260274077e+00 0.000000000000000000e+00 1.141999999999999960e-02 4.241777981487802190e-02 5.036161885561844187e+00 2.952566926291133043e-01
1.323287671232876717e+00 0.000000000000000000e+00 1.141999999999999960e-02 4.222992330435108854e-02 5.035958317654138483e+00 2.954831225943029271e-01
1.320547945205479357e+00 0.000000000000000000e+00 1.154999999999999950e-02 4.466368271426899433e-02 5.038594408217627496e+00 2.925531067550015130e-01
1.315068493150684859e+00 0.000000000000000000e+00 1.159799999999999894e-02 4.524065615251137568e-02 5.039218861080405176e+00 2.918598789830525453e-01
1.312328767123287498e+00 0.000000000000000000e+00 1.173000000000000084e-02 4.769025865931679486e-02 5.041868383919310581e+00 2.889214261422432539e-01
1.309589041095890360e+00 0.000000000000000000e+00 1.187999999999999994e-02 5.048906117806672283e-02 5.044889708283333718e+00 2.855808563586247351e-01
1.306849315068493222e+00 0.000000000000000000e+00 1.183000000000000024e-02 4.928324973415377369e-02 5.043590511700835499e+00 2.870130848255079137e-01
1.304109589041096084e+00 0.000000000000000000e+00 1.213999999999999975e-02 5.525721241846352078e-02 5.049996457339116063e+00 2.800030200639233580e-01
1.295890410958904004e+00 0.000000000000000000e+00 1.223899999999999988e-02 5.656327417955298031e-02 5.051384344938997906e+00 2.785043629701230983e-01
1.293150684931506866e+00 0.000000000000000000e+00 1.237000000000000079e-02 5.893248883855196907e-02 5.053899256572202958e+00 2.757929505865378550e-01
1.290410958904109506e+00 0.000000000000000000e+00 1.288000000000000082e-02 6.794167450259550045e-02 5.152459908114157550e+00 2.762867112912830714e-01
1.287671232876712368e+00 0.000000000000000000e+00 1.282999999999999939e-02 6.668343982992067098e-02 5.150409765613012780e+00 2.771448542146750516e-01
1.284931506849315008e+00 0.000000000000000000e+00 1.311000000000000013e-02 6.996233448946856393e-02 5.171046320356460058e+00 2.768398293598388071e-01
1.282191780821918092e+00 0.000000000000000000e+00 1.332000000000000024e-02 7.033008934827097991e-02 5.170689385567533769e+00 2.764685193474463731e-01
1.276712328767123372e+00 0.000000000000000000e+00 1.331700000000000071e-02 7.048996276615161760e-02 5.170533014555035223e+00 2.763075128407895820e-01
1.273972602739726012e+00 0.000000000000000000e+00 1.306000000000000043e-02 6.973658951071676215e-02 5.181723528963882330e+00 2.783670285511118392e-01
1.271232876712328874e+00 0.000000000000000000e+00 1.391000000000000049e-02 7.284369438714340117e-02 5.235906313942793489e+00 2.823241203355249529e-01
1.268493150684931514e+00 0.000000000000000000e+00 1.372999999999999915e-02 7.268232733110831234e-02 5.236065768799344156e+00 2.824860777101259601e-01
1.265753424657534154e+00 0.000000000000000000e+00 1.370000000000000037e-02 7.272287350897493896e-02 5.236025698161087760e+00 2.824453848018669277e-01
1.263013698630137016e+00 0.000000000000000000e+00 1.403999999999999866e-02 7.325761059264049302e-02 5.235497183822949374e+00 2.819087281886655805e-01
1.257534246575342296e+00 0.000000000000000000e+00 1.437100000000000009e-02 7.385674067958282463e-02 5.234903919667561745e+00 2.813077955803051644e-01
1.254794520547945158e+00 0.000000000000000000e+00 1.405999999999999958e-02 7.352336581691211459e-02 5.235234645673011222e+00 2.816419812658734756e-01
1.252054794520548020e+00 0.000000000000000000e+00 1.465999999999999942e-02 7.439605236126503596e-02 5.234368276600473102e+00 2.807673641383227059e-01
1.249315068493150882e+00 0.000000000000000000e+00 1.437000000000000083e-02 7.409158464459160431e-02 5.234671308385304478e+00 2.810722683005945632e-01
1.246575342465753522e+00 0.000000000000000000e+00 1.365000000000000067e-02 7.380139283054877597e-02 5.263314039059706850e+00 2.848236814909554382e-01
1.243835616438356162e+00 0.000000000000000000e+00 1.360000000000000098e-02 7.381658291712307751e-02 5.263298960172480001e+00 2.848084576202290497e-01
1.238356164383561664e+00 0.000000000000000000e+00 1.365099999999999994e-02 7.404548495395080199e-02 5.263071729212310146e+00 2.845790470862840094e-01
1.235616438356164304e+00 0.000000000000000000e+00 1.346999999999999933e-02 7.318624566871352599e-02 5.266816319024146154e+00 2.857935895521642178e-01
1.232876712328767166e+00 0.000000000000000000e+00 1.417000000000000030e-02 7.517116377064382571e-02 5.276071850229556048e+00 2.851772924322479308e-01
1.230136986301369806e+00 0.000000000000000000e+00 1.419000000000000122e-02 7.527641719014106780e-02 5.275967247566505591e+00 2.850718418313624158e-01
1.227397260273972890e+00 0.000000000000000000e+00 1.411999999999999887e-02 7.526508184172386873e-02 5.275978513486932364e+00 2.850831982106871720e-01
1.224657534246575308e+00 0.000000000000000000e+00 1.439999999999999961e-02 7.570604709129895304e-02 5.275540227179275732e+00 2.846414217269349622e-01
1.219178082191780810e+00 0.000000000000000000e+00 1.434500000000000185e-02 7.579262545893583614e-02 5.275454064921282438e+00 2.845547177310557285e-01
1.216438356164383672e+00 0.000000000000000000e+00 1.477999999999999974e-02 7.642869064593085793e-02 5.274820955508718434e+00 2.839177607835229877e-01
1.213698630136986312e+00 0.000000000000000000e+00 1.548000000000000070e-02 7.739979717546316418e-02 5.273852503504517841e+00 2.829458574526966252e-01
1.210958904109588952e+00 0.000000000000000000e+00 1.532000000000000028e-02 7.727137846140216815e-02 5.273980741242544568e+00 2.830743302283434404e-01
1.208219178082191814e+00 0.000000000000000000e+00 1.502000000000000036e-02 7.696601598495157737e-02 5.274285678492155682e+00 2.833798196313208617e-01
1.205479452054794454e+00 0.000000000000000000e+00 1.476000000000000055e-02 7.671303424313988262e-02 5.274538331698980009e+00 2.836328993157786194e-01
1.199999999999999956e+00 0.000000000000000000e+00 1.498799999999999959e-02 7.715571250844877049e-02 5.274096194088991219e+00 2.831900600849712735e-01
1.197260273972602818e+00 0.000000000000000000e+00 1.514000000000000068e-02 7.742377444661881214e-02 5.273828403582434099e+00 2.829219175339104386e-01
1.194520547945205680e+00 0.000000000000000000e+00 1.502000000000000036e-02 7.734946602080695899e-02 5.273902642086959247e+00 2.829962466873907068e-01
1.191780821917808320e+00 0.000000000000000000e+00 1.503999999999999955e-02 7.745119756741229711e-02 5.273801005663454333e+00 2.828944869835464115e-01
1.189041095890410960e+00 0.000000000000000000e+00 1.495999999999999934e-02 7.742788052783185215e-02 5.273824301235677581e+00 2.829178103667386313e-01
1.186301369863013599e+00 0.000000000000000000e+00 1.511999999999999976e-02 7.770411444985958482e-02 5.273548320525788036e+00 2.826415017542987518e-01
1.178082191780821963e+00 0.000000000000000000e+00 1.493599999999999962e-02 7.770564657164176492e-02 5.273546789574653282e+00 2.826399692886399917e-01
1.175342465753424603e+00 0.000000000000000000e+00 1.566000000000000031e-02 7.867530847115694614e-02 5.272577768956292488e+00 2.816701198790611538e-01
1.172602739726027687e+00 0.000000000000000000e+00 1.627999999999999933e-02 7.951171760257036425e-02 5.271741528870123261e+00 2.808336626443775352e-01
1.169863013698630105e+00 0.000000000000000000e+00 1.629999999999999852e-02 7.960898631679830251e-02 5.271644273133566649e+00 2.807363903077927381e-01
1.167123287671232967e+00 0.000000000000000000e+00 1.655999999999999833e-02 7.999924592842792836e-02 5.271254065377743103e+00 2.803461163348264229e-01
1.161643835616438247e+00 0.000000000000000000e+00 1.673799999999999941e-02 8.035929265476381145e-02 5.270894061797623209e+00 2.799860578165965785e-01
1.158904109589041109e+00 0.000000000000000000e+00 1.689000000000000223e-02 8.061476864412148169e-02 5.270638613654099025e+00 2.797305743303083458e-01
1.156164383561643527e+00 0.000000000000000000e+00 1.744000000000000064e-02 8.134975919878509321e-02 5.269903697753328231e+00 2.789955639958282552e-01
1.153424657534246611e+00 0.000000000000000000e+00 1.770000000000000046e-02 8.173184160738893034e-02 5.269521640806597240e+00 2.786134751453485658e-01
1.150684931506849251e+00 0.000000000000000000e+00 1.807999999999999885e-02 8.225611026099252654e-02 5.268997403796039869e+00 2.780891987086288042e-01
1.147945205479451891e+00 0.000000000000000000e+00 1.959999999999999937e-02 8.413914683997464339e-02 5.267114446573597952e+00 2.762061439094175563e-01
1.142465753424657615e+00 0.000000000000000000e+00 1.993699999999999986e-02 8.466415876251857930e-02 5.266589442863033987e+00 2.756811304857172962e-01
1.139726027397260477e+00 0.000000000000000000e+00 2.164000000000000298e-02 8.673745529878594540e-02 5.264516175714590851e+00 2.736078290336791397e-01
1.136986301369863117e+00 0.000000000000000000e+00 2.395999999999999866e-02 8.951767967837639950e-02 5.261735973013777823e+00 2.708276020461841682e-01
1.134246575342465757e+00 0.000000000000000000e+00 2.333000000000000351e-02 8.883028430139475184e-02 5.262423364928151770e+00 2.715149976942662358e-01
1.131506849315068397e+00 0.000000000000000000e+00 2.224000000000000282e-02 8.760832468171987630e-02 5.263645318257053951e+00 2.727369577291964831e-01
1.128767123287671259e+00 0.000000000000000000e+00 2.229000000000000078e-02 8.772117100456243433e-02 5.263532472498482662e+00 2.726241113779953595e-01
1.120547945205479401e+00 0.000000000000000000e+00 2.249800000000000064e-02 8.812482398941953732e-02 5.263128821659975642e+00 2.722204583055746752e-01
1.117808219178082485e+00 0.000000000000000000e+00 2.386999999999999886e-02 8.975913298350743363e-02 5.261494521628500287e+00 2.705861490487032062e-01
1.115068493150684903e+00 0.000000000000000000e+00 2.406000000000000152e-02 9.002674506037046387e-02 5.261226910830500536e+00 2.703185369621889933e-01
1.112328767123287765e+00 0.000000000000000000e+00 2.426999999999999991e-02 9.031597880409615586e-02 5.260937678565503539e+00 2.700293032193664677e-01
1.109589041095890405e+00 0.000000000000000000e+00 2.486000000000000362e-02 9.103702242450896487e-02 5.260216638874242179e+00 2.693082596331289880e-01
1.104109589041095907e+00 0.000000000000000000e+00 2.527499999999999886e-02 9.160040187355850128e-02 5.259653262550611608e+00 2.687448802433271555e-01
1.101369863013698325e+00 0.000000000000000000e+00 2.539999999999999897e-02 9.178691118919482528e-02 5.259466754312684067e+00 2.685583709571948141e-01
1.098630136986301409e+00 0.000000000000000000e+00 2.544000000000000081e-02 9.187687603705387007e-02 5.259376790026320414e+00 2.684684061281483181e-01
1.095890410958904049e+00 0.000000000000000000e+00 2.515000000000000221e-02 9.159578881067109712e-02 5.259657875349423861e+00 2.687494932801269831e-01
1.093150684931506911e+00 0.000000000000000000e+00 2.504999999999999935e-02 9.152933532720583520e-02 5.259724328351405909e+00 2.688159467419488080e-01
1.090410958904109551e+00 0.000000000000000000e+00 2.508999999999999772e-02 9.162000403003207893e-02 5.259633660363933316e+00 2.687252780746856584e-01
1.082191780821917915e+00 0.000000000000000000e+00 2.553300000000000014e-02 9.224856424045400904e-02 5.259005105518707701e+00 2.680967181563218005e-01
1.079452054794520555e+00 0.000000000000000000e+00 2.537999999999999978e-02 9.212392116754733462e-02 5.259129747580359115e+00 2.682213611654146734e-01
1.076712328767123195e+00 0.000000000000000000e+00 2.584999999999999798e-02 9.268678254262363581e-02 5.258566891151120082e+00 2.676585001207259507e-01
1.073972602739726057e+00 0.000000000000000000e+00 2.605999999999999983e-02 9.296091612197777965e-02 5.258292759891487478e+00 2.673843667112315581e-01
1.071232876712328697e+00 0.000000000000000000e+00 2.641999999999999904e-02 9.339791514462580935e-02 5.257855764788040176e+00 2.669473679886573692e-01
1.065753424657534199e+00 0.000000000000000000e+00 2.654799999999999868e-02 9.362075076064660384e-02 5.257632931179108127e+00 2.667245325344139162e-01
1.063013698630137061e+00 0.000000000000000000e+00 2.716999999999999971e-02 9.433673548826593258e-02 5.256916953289943351e+00 2.660085483755968982e-01
1.060273972602739700e+00 0.000000000000000000e+00 2.767999999999999627e-02 9.491680019173323601e-02 5.255937598355078677e+00 2.653523161791974116e-01
1.057534246575342562e+00 0.000000000000000000e+00 2.944999999999999701e-02 9.692379559427549696e-02 5.253596129976611628e+00 2.632820318899890544e-01
1.054794520547945202e+00 0.000000000000000000e+00 2.923999999999999863e-02 9.672157454132639109e-02 5.253796122599791119e+00 2.634838359607923897e-01
1.052054794520547842e+00 0.000000000000000000e+00 2.867999999999999716e-02 9.612879514639781353e-02 5.254382449674873001e+00 2.640754082333002239e-01
1.046575342465753122e+00 0.000000000000000000e+00 2.896999999999999922e-02 9.652326358711880994e-02 5.253991944801294167e+00 2.636816805227327754e-01
1.043835616438356206e+00 0.000000000000000000e+00 2.932999999999999843e-02 9.695757796614544455e-02 5.253561809449744935e+00 2.632481467045695300e-01
1.041095890410958846e+00 0.000000000000000000e+00 3.039000000000000035e-02 9.816268405906253269e-02 5.252367310326301109e+00 2.620450195659384529e-01
1.038356164383561708e+00 0.000000000000000000e+00 3.001999999999999807e-02 9.778568088188276108e-02 5.252742104103621301e+00 2.624216120413314091e-01
1.035616438356164348e+00 0.000000000000000000e+00 2.960000000000000131e-02 9.735573118638037038e-02 5.253169638816364007e+00 2.628511129795387258e-01
1.032876712328767210e+00 0.000000000000000000e+00 2.932999999999999843e-02 9.709256644540496806e-02 5.253431413944112727e+00 2.631140196240788764e-01
1.027397260273972712e+00 0.000000000000000000e+00 2.949099999999999985e-02 9.733549596381627089e-02 5.253189731503308479e+00 2.628713216709551159e-01
1.024657534246575352e+00 0.000000000000000000e+00 2.956999999999999906e-02 9.745455247993238534e-02 5.253071269035489266e+00 2.627523754335529538e-01
1.021917808219177992e+00 0.000000000000000000e+00 2.979000000000000051e-02 9.772584737560421897e-02 5.252801314185954418e+00 2.624813292680766574e-01
1.019178082191780854e+00 0.000000000000000000e+00 2.923999999999999863e-02 9.716375090875936649e-02 5.253360803547074909e+00 2.630429420580138733e-01
1.016438356164383494e+00 0.000000000000000000e+00 2.839999999999999816e-02 9.628551761713409485e-02 5.254000371012570447e+00 2.638764374993973205e-01
1.013698630136986356e+00 0.000000000000000000e+00 2.866000000000000145e-02 9.660186711309688701e-02 5.253685272897237191e+00 2.635603199726992418e-01
1.008219178082192080e+00 0.000000000000000000e+00 2.891799999999999926e-02 9.694926508959507416e-02 5.253339168736022913e+00 2.632131617336185281e-01
1.005479452054794498e+00 0.000000000000000000e+00 2.910000000000000087e-02 9.717815743530974770e-02 5.253111061865283204e+00 2.629844148578349139e-01
1.002739726027397360e+00 0.000000000000000000e+00 2.980999999999999969e-02 9.796649914328492414e-02 5.252325257110992851e+00 2.621965427820920347e-01
1.000000000000000000e+00 0.000000000000000000e+00 2.988999999999999990e-02 9.808323740187846473e-02 5.252208759016486539e+00 2.620798488969996454e-01
9.972602739726027510e-01 0.000000000000000000e+00 2.950000000000000192e-02 9.770358119836601574e-02 5.252587644484013829e+00 2.624593627313172584e-01
9.945205479452056130e-01 0.000000000000000000e+00 3.064000000000000057e-02 9.893523534696897770e-02 5.251358059613313145e+00 2.612280904628548339e-01
9.890410958904110039e-01 0.000000000000000000e+00 3.058699999999999961e-02 9.893891231686809118e-02 5.251354385415861081e+00 2.612244140032279338e-01
9.863013698630136439e-01 0.000000000000000000e+00 3.079000000000000140e-02 9.917987153483152907e-02 5.251113607830348862e+00 2.609834882003882472e-01
9.835616438356163949e-01 0.000000000000000000e+00 3.146000000000000185e-02 9.990372140618045127e-02 5.250390279781114167e+00 2.602597342683476422e-01
9.808219178082191458e-01 0.000000000000000000e+00 3.055000000000000077e-02 9.898954421935172998e-02 5.251303973217832599e+00 2.611738226686440845e-01
9.780821917808220078e-01 0.000000000000000000e+00 3.044000000000000178e-02 9.890577781359041754e-02 5.251387709185460828e+00 2.612575835012146408e-01
9.753424657534246478e-01 0.000000000000000000e+00 3.067000000000000282e-02 9.917245176277722507e-02 5.251121131866967495e+00 2.609909272284154924e-01
9.698630136986300387e-01 0.000000000000000000e+00 3.050899999999999793e-02 9.906653466202204605e-02 5.251227012035256436e+00 2.610968375816216103e-01
9.671232876712327897e-01 0.000000000000000000e+00 3.073999999999999996e-02 9.933180399815527695e-02 5.250961834522072991e+00 2.608315850014622517e-01
9.643835616438356517e-01 0.000000000000000000e+00 3.115000000000000061e-02 9.977726709567612262e-02 5.250516516110570464e+00 2.603861482607825462e-01
9.616438356164384027e-01 0.000000000000000000e+00 3.121999999999999775e-02 9.987592478299335552e-02 5.250417885163013665e+00 2.602874954301934163e-01
9.589041095890410427e-01 0.000000000000000000e+00 3.092999999999999916e-02 9.961089009511998882e-02 5.250682848659108615e+00 2.605525172111975984e-01
9.561643835616437936e-01 0.000000000000000000e+00 3.116000000000000020e-02 9.987074915967725230e-02 5.250423053577943477e+00 2.602926697135062306e-01
9.506849315068491846e-01 0.000000000000000000e+00 3.150200000000000222e-02 1.002679984204333657e-01 5.250025892839442321e+00 2.598954364006750284e-01
9.479452054794520466e-01 0.000000000000000000e+00 3.192000000000000393e-02 1.007108055183818240e-01 5.249583163657854712e+00 2.594526432559379203e-01
9.452054794520547976e-01 0.000000000000000000e+00 3.187999999999999862e-02 1.006964840768733715e-01 5.249597483147324439e+00 2.594669643505668200e-01
9.424657534246575485e-01 0.000000000000000000e+00 3.214000000000000190e-02 1.009790425944288583e-01 5.249314963318887806e+00 2.591844126816996163e-01
9.397260273972604105e-01 0.000000000000000000e+00 3.224000000000000477e-02 1.011022424221099392e-01 5.249191778354479254e+00 2.590612154659804323e-01
9.369863013698630505e-01 0.000000000000000000e+00 3.225999999999999701e-02 1.011462180029478741e-01 5.249147807980441449e+00 2.590172407950973033e-01
9.315068493150684414e-01 0.000000000000000000e+00 3.267799999999999871e-02 1.016025440344681396e-01 5.248691535504175221e+00 2.585609240682478771e-01
9.287671232876711924e-01 0.000000000000000000e+00 3.320000000000000034e-02 1.021327416044455066e-01 5.248161376971984815e+00 2.580307331276222027e-01
9.260273972602740544e-01 0.000000000000000000e+00 3.345000000000000057e-02 1.023960620327992316e-01 5.247898069646772079e+00 2.577674148659852005e-01
9.232876712328768054e-01 0.000000000000000000e+00 3.350000000000000200e-02 1.024648130624132847e-01 5.247829321823443749e+00 2.576986643590614134e-01
9.205479452054794454e-01 0.000000000000000000e+00 3.373000000000000304e-02 1.027062815180675853e-01 5.247587864817583991e+00 2.574571977499237052e-01
9.178082191780821963e-01 0.000000000000000000e+00 3.350999999999999812e-02 1.025150741550164279e-01 5.247779063791685239e+00 2.576484037840328090e-01
9.095890410958904493e-01 0.000000000000000000e+00 3.353899999999999937e-02 1.026034450995886999e-01 5.247690696566779778e+00 2.575600334187282958e-01
9.068493150684932003e-01 0.000000000000000000e+00 3.392999999999999489e-02 1.029933800328539234e-01 5.247300778158732193e+00 2.571701010211058236e-01
9.041095890410958402e-01 0.000000000000000000e+00 3.445000000000000145e-02 1.035021021196123187e-01 5.246792071849542438e+00 2.566613812514139115e-01
9.013698630136985912e-01 0.000000000000000000e+00 3.468000000000000249e-02 1.037351920582569309e-01 5.246558987130926610e+00 2.564282920409989841e-01
8.986301369863013422e-01 0.000000000000000000e+00 3.545999999999999847e-02 1.044805821489936254e-01 5.245813613050176905e+00 2.556829041267872360e-01
8.931506849315068441e-01 0.000000000000000000e+00 3.550800000000000484e-02 1.045533962757782404e-01 5.245740799964799805e+00 2.556100901324965813e-01
8.904109589041095951e-01 0.000000000000000000e+00 3.549999999999999684e-02 1.045599800260079842e-01 5.245734216315056209e+00 2.556035063948620123e-01
8.876712328767123461e-01 0.000000000000000000e+00 3.790999999999999925e-02 1.067902784953636830e-01 5.243503945555004542e+00 2.533732112352266030e-01
8.849315068493150971e-01 0.000000000000000000e+00 3.814999999999999641e-02 1.070162573046471166e-01 5.243277967938504425e+00 2.531472325562230119e-01
8.821917808219178481e-01 0.000000000000000000e+00 3.814999999999999641e-02 1.070220085547654992e-01 5.243272216721398316e+00 2.531414813096815042e-01
8.794520547945205990e-01 0.000000000000000000e+00 3.806000000000000355e-02 1.069459998427822328e-01 5.243348224955991732e+00 2.532174899702969717e-01
8.739726027397259900e-01 0.000000000000000000e+00 3.810800000000000298e-02 1.070013153607197454e-01 5.243292909818207725e+00 2.531621744929960505e-01
8.712328767123287410e-01 0.000000000000000000e+00 3.865999999999999992e-02 1.075032186941031337e-01 5.242791010253229800e+00 2.526602715599407523e-01
8.684931506849314919e-01 0.000000000000000000e+00 3.901999999999999913e-02 1.078295377252418974e-01 5.242464693753168703e+00 2.523339527954089889e-01
8.657534246575342429e-01 0.000000000000000000e+00 3.901999999999999913e-02 1.078325332050358715e-01 5.242461698298178874e+00 2.523309573182111465e-01
8.630136986301369939e-01 0.000000000000000000e+00 3.908999999999999975e-02 1.078977053578755174e-01 5.242396526738239082e+00 2.522657852271676937e-01
8.602739726027397449e-01 0.000000000000000000e+00 3.887000000000000177e-02 1.077056446869746192e-01 5.242588585492535813e+00 2.524578456991343756e-01
8.547945205479452468e-01 0.000000000000000000e+00 3.889700000000000102e-02 1.077362037997407762e-01 5.242558026708971752e+00 2.524272866203894350e-01
8.520547945205479978e-01 0.000000000000000000e+00 3.912999999999999812e-02 1.079436627013677791e-01 5.242350570263266007e+00 2.522198279717077218e-01
8.493150684931506378e-01 0.000000000000000000e+00 3.948999999999999733e-02 1.082604115671988582e-01 5.242033825378727308e+00 2.519030795142587209e-01
8.465753424657533888e-01 0.000000000000000000e+00 3.917999999999999955e-02 1.079922947474819817e-01 5.242301938802103933e+00 2.521711959872847686e-01
8.438356164383561397e-01 0.000000000000000000e+00 3.914999999999999730e-02 1.079686739846839882e-01 5.242325559256260981e+00 2.521948167186923717e-01
8.410958904109588907e-01 0.000000000000000000e+00 3.923999999999999710e-02 1.080488696444483337e-01 5.242245364750941050e+00 2.521146211761091660e-01
8.356164383561643927e-01 0.000000000000000000e+00 3.939700000000000146e-02 1.081878001651168514e-01 5.242106436414314174e+00 2.519756908766989656e-01
8.328767123287671437e-01 0.000000000000000000e+00 3.933999999999999997e-02 1.081407789076252596e-01 5.242153456884385498e+00 2.520227120545894817e-01
8.301369863013698946e-01 0.000000000000000000e+00 3.991999999999999715e-02 1.086360057112305127e-01 5.241658239130288166e+00 2.515274861643359561e-01
8.273972602739726456e-01 0.000000000000000000e+00 3.998999999999999777e-02 1.086953087050063355e-01 5.241598936929762864e+00 2.514681832501967085e-01
8.246575342465753966e-01 0.000000000000000000e+00 4.051999999999999352e-02 1.091422597470268346e-01 5.241151992413263905e+00 2.510212328627189349e-01
8.219178082191780366e-01 0.000000000000000000e+00 4.091999999999999804e-02 1.094763879980630711e-01 5.240817868446003835e+00 2.506871050404811951e-01
8.136986301369862895e-01 0.000000000000000000e+00 4.171199999999999908e-02 1.101243860355971826e-01 5.240169878544364224e+00 2.500391078164692082e-01
8.109589041095890405e-01 0.000000000000000000e+00 4.113000000000000683e-02 1.096375769721981558e-01 5.240656682582126358e+00 2.505259163780502729e-01
8.082191780821917915e-01 0.000000000000000000e+00 4.163000000000000034e-02 1.100456653342439112e-01 5.240248598318715700e+00 2.501178284250168971e-01
8.054794520547945424e-01 0.000000000000000000e+00 4.280999999999999389e-02 1.110075196678853154e-01 5.239286753586364753e+00 2.491559750490879299e-01
8.027397260273972934e-01 0.000000000000000000e+00 4.312000000000000555e-02 1.112513254240139193e-01 5.239042949747258149e+00 2.489121694840503163e-01
7.972602739726026844e-01 0.000000000000000000e+00 4.364499999999999630e-02 1.116560642348167209e-01 5.238638214382041802e+00 2.485074310166609235e-01
7.945205479452054353e-01 0.000000000000000000e+00 4.342999999999999639e-02 1.114711579827183385e-01 5.238823118993648720e+00 2.486923371052816856e-01
7.917808219178081863e-01 0.000000000000000000e+00 4.405999999999999500e-02 1.119657150831448594e-01 5.238328566655085616e+00 2.481977804793340792e-01
7.890410958904109373e-01 0.000000000000000000e+00 4.464999999999999525e-02 1.124239871547717401e-01 5.237870298936610602e+00 2.477395088413925084e-01
7.863013698630136883e-01 0.000000000000000000e+00 4.519999999999999712e-02 1.128464306509901899e-01 5.237447859468217892e+00 2.473170657464007494e-01
7.835616438356164393e-01 0.000000000000000000e+00 4.440999999999999809e-02 1.122042371437040748e-01 5.238090046781562314e+00 2.479592586367437290e-01
7.780821917808219412e-01 0.000000000000000000e+00 4.478200000000000236e-02 1.124684630566931270e-01 5.237825823236422984e+00 2.476950329595769829e-01
7.753424657534246922e-01 0.000000000000000000e+00 4.494000000000000078e-02 1.125768659471548805e-01 5.237717421388564887e+00 2.475866301729469088e-01
7.726027397260274432e-01 0.000000000000000000e+00 4.511999999999999345e-02 1.127014024675943860e-01 5.237592886183600527e+00 2.474620937835104728e-01
7.698630136986300831e-01 0.000000000000000000e+00 4.480000000000000648e-02 1.124365761312000334e-01 5.237857709463715317e+00 2.477269198155498675e-01
7.671232876712328341e-01 0.000000000000000000e+00 4.448000000000000564e-02 1.121735958777907161e-01 5.238120686543844329e+00 2.479898997529637883e-01
7.643835616438355851e-01 0.000000000000000000e+00 4.521000000000000019e-02 1.127216451046691992e-01 5.237572644139337541e+00 2.474418512054341879e-01
7.589041095890410871e-01 0.000000000000000000e+00 4.555000000000000021e-02 1.129479242355877627e-01 5.237346367492166976e+00 2.472155723218257828e-01
7.561643835616438380e-01 0.000000000000000000e+00 4.554000000000000409e-02 1.129225698832118374e-01 5.237371721547649628e+00 2.472409266446397580e-01
7.534246575342465890e-01 0.000000000000000000e+00 4.605000000000000759e-02 1.132909659186494833e-01 5.237003330259453193e+00 2.468725310818805918e-01
7.506849315068493400e-01 0.000000000000000000e+00 4.605000000000000759e-02 1.132716344291367777e-01 5.237022661506590460e+00 2.468918625472602546e-01
7.479452054794520910e-01 0.000000000000000000e+00 4.599000000000000310e-02 1.132072460923757573e-01 5.237087048951551971e+00 2.469562507952280384e-01
7.452054794520548420e-01 0.000000000000000000e+00 4.581999999999999962e-02 1.130609446999243650e-01 5.237233348118388143e+00 2.471025519660846048e-01
7.397260273972602329e-01 0.000000000000000000e+00 4.637199999999999656e-02 1.134328474001407433e-01 5.236861451418481472e+00 2.467306498632897416e-01
7.369863013698629839e-01 0.000000000000000000e+00 4.599000000000000310e-02 1.131304216307938010e-01 5.237163872846316792e+00 2.470330752003813413e-01
7.342465753424657349e-01 0.000000000000000000e+00 4.623999999999999638e-02 1.132949723836458450e-01 5.236999324413677215e+00 2.468685246785357335e-01
7.315068493150684859e-01 0.000000000000000000e+00 4.621000000000000107e-02 1.132529661464346527e-01 5.237041330020008267e+00 2.469105308529350173e-01
7.287671232876712368e-01 0.000000000000000000e+00 4.551999999999999796e-02 1.124103944122914478e-01 5.228742897009908575e+00 2.450796992441826305e-01
7.205479452054794898e-01 0.000000000000000000e+00 4.549699999999999578e-02 1.123399737707662105e-01 5.228806782913084206e+00 2.451484543547283179e-01
7.178082191780822408e-01 0.000000000000000000e+00 4.555000000000000021e-02 1.123602105422357306e-01 5.228788403308451294e+00 2.451286903203316048e-01
7.150684931506848807e-01 0.000000000000000000e+00 4.575999999999999512e-02 1.122530695704264531e-01 5.222115274604141710e+00 2.432274802702834304e-01
7.123287671232876317e-01 0.000000000000000000e+00 4.575999999999999512e-02 1.122343056399961875e-01 5.222131935295865723e+00 2.432456950464594037e-01
7.095890410958903827e-01 0.000000000000000000e+00 4.599000000000000310e-02 1.121047302158721948e-01 5.214595670062193378e+00 2.410662531191225533e-01
7.068493150684931337e-01 0.000000000000000000e+00 4.636999999999999456e-02 1.123540084304989611e-01 5.214378701220802270e+00 2.408255998833155331e-01
7.013698630136986356e-01 0.000000000000000000e+00 4.676899999999999807e-02 1.125919085166668943e-01 5.214164663037637482e+00 2.405938383023714378e-01
6.986301369863013866e-01 0.000000000000000000e+00 4.636999999999999456e-02 1.119744102385281243e-01 5.205782874299624829e+00 2.385334523827399023e-01
6.958904109589041376e-01 0.000000000000000000e+00 4.700000000000000011e-02 1.123909335263735126e-01 5.205413446075315420e+00 2.381292361231624466e-01
6.931506849315068886e-01 0.000000000000000000e+00 4.700000000000000011e-02 1.123682146956232614e-01 5.205434400868711897e+00 2.381515136855576753e-01
6.904109589041096395e-01 0.000000000000000000e+00 4.747699999999999837e-02 1.126729638983327980e-01 5.205153160464508488e+00 2.378526409774015804e-01
6.876712328767122795e-01 0.000000000000000000e+00 4.703000000000000236e-02 1.121003690739518499e-01 5.198703764483103562e+00 2.363903600230189139e-01
6.821917808219177815e-01 0.000000000000000000e+00 4.756499999999999617e-02 1.124170026804080930e-01 5.198413874061304618e+00 2.360804719447413547e-01
6.794520547945205324e-01 0.000000000000000000e+00 4.735000000000000320e-02 1.121114972232449269e-01 5.194758972930682894e+00 2.352494613342041019e-01
6.767123287671232834e-01 0.000000000000000000e+00 4.732000000000000095e-02 1.120674639042681525e-01 5.194799761687735717e+00 2.352926869803479426e-01
6.739726027397260344e-01 0.000000000000000000e+00 4.711000000000000604e-02 1.116366925439684632e-01 5.187671159503842055e+00 2.334785598687317554e-01
6.712328767123287854e-01 0.000000000000000000e+00 4.660000000000000253e-02 1.108689459264421417e-01 5.177216719071992657e+00 2.308020854344602080e-01
6.684931506849315364e-01 0.000000000000000000e+00 4.682000000000000051e-02 1.109933217224218505e-01 5.177111198919939206e+00 2.306828881763589301e-01
6.630136986301370383e-01 0.000000000000000000e+00 4.706099999999999867e-02 1.111069584658527648e-01 5.177014152744427555e+00 2.305737748913808949e-01
6.602739726027396783e-01 0.000000000000000000e+00 4.719000000000000278e-02 1.110563143084194182e-01 5.173958375081729066e+00 2.296812041223708079e-01
6.575342465753424293e-01 0.000000000000000000e+00 4.738000000000000544e-02 1.110358255249706272e-01 5.170639016380092379e+00 2.286860696703228724e-01
6.547945205479451802e-01 0.000000000000000000e+00 4.708999999999999297e-02 1.105656446281084310e-01 5.163984902739946037e+00 2.269549873308643051e-01
6.520547945205479312e-01 0.000000000000000000e+00 4.716000000000000053e-02 1.105874545267611364e-01 5.163966541475730310e+00 2.269341326358342015e-01
6.493150684931506822e-01 0.000000000000000000e+00 4.730000000000000177e-02 1.106537388400511412e-01 5.163910720497510987e+00 2.268707454411364177e-01
6.438356164383561842e-01 0.000000000000000000e+00 4.817599999999999660e-02 1.105035067151111661e-01 5.146576220400401525e+00 2.213890630512168334e-01
6.410958904109589351e-01 0.000000000000000000e+00 4.773999999999999772e-02 1.102007648823056379e-01 5.146821400259564250e+00 2.216751727069413147e-01
6.383561643835616861e-01 0.000000000000000000e+00 4.711000000000000604e-02 1.096729998240994625e-01 5.144397871931320587e+00 2.212825748093656675e-01
6.356164383561644371e-01 0.000000000000000000e+00 4.695000000000000562e-02 1.095491765135313267e-01 5.144500668212836914e+00 2.214004839578129213e-01
6.328767123287670771e-01 0.000000000000000000e+00 4.696999999999999786e-02 1.095385955226527430e-01 5.144509475363809869e+00 2.214105674536764323e-01
6.301369863013698280e-01 0.000000000000000000e+00 4.684999999999999581e-02 1.094622588615664083e-01 5.144608068522826372e+00 2.214941816005053243e-01
6.246575342465753300e-01 0.000000000000000000e+00 4.666299999999999615e-02 1.093673367367988675e-01 5.144729580334976404e+00 2.215978753209324470e-01
6.219178082191780810e-01 0.000000000000000000e+00 4.683999999999999969e-02 1.094684820877292325e-01 5.144602224706503968e+00 2.214879413250600282e-01
6.191780821917808320e-01 0.000000000000000000e+00 4.708999999999999297e-02 1.096085280413410940e-01 5.144429267133127759e+00 2.213366480870751773e-01
6.164383561643835829e-01 0.000000000000000000e+00 4.682000000000000051e-02 1.094650582548760270e-01 5.144599317802622807e+00 2.214895706392471242e-01
6.136986301369863339e-01 0.000000000000000000e+00 4.679000000000000520e-02 1.094527154864306517e-01 5.144613420163780759e+00 2.215025613596509069e-01
6.109589041095890849e-01 0.000000000000000000e+00 4.668400000000000327e-02 1.093995436785315245e-01 5.144674407655449144e+00 2.215586014749276467e-01
6.027397260273972268e-01 0.000000000000000000e+00 4.708199999999999885e-02 1.096231622578367898e-01 5.144410319262669340e+00 2.213202535266438065e-01
5.999999999999999778e-01 0.000000000000000000e+00 4.689000000000000112e-02 1.095244408199019109e-01 5.144514795412521657e+00 2.214212496567272703e-01
5.972602739726027288e-01 0.000000000000000000e+00 4.748000000000000137e-02 1.098395475171773938e-01 5.144182151176315720e+00 2.210991924446126244e-01
5.945205479452054798e-01 0.000000000000000000e+00 4.728999999999999870e-02 1.097416976974677216e-01 5.144282757267906625e+00 2.211981604682986824e-01
5.917808219178082307e-01 0.000000000000000000e+00 4.767000000000000404e-02 1.099430681735912435e-01 5.144075966727408300e+00 2.209945886484577515e-01
5.835616438356164837e-01 0.000000000000000000e+00 4.761199999999999460e-02 1.099177237118618700e-01 5.144101861066166848e+00 2.210201574650222656e-01
5.808219178082191236e-01 0.000000000000000000e+00 4.778999999999999915e-02 1.099459726835535639e-01 5.144062151555818474e+00 2.209970032813389496e-01
5.780821917808218746e-01 0.000000000000000000e+00 4.788000000000000589e-02 1.098503074725346723e-01 5.144196603409167956e+00 2.210754183394821049e-01
5.753424657534246256e-01 0.000000000000000000e+00 4.849000000000000532e-02 1.100203126161358042e-01 5.143958203891550340e+00 2.209359633565432524e-01
5.726027397260273766e-01 0.000000000000000000e+00 4.831000000000000572e-02 1.097832354831837359e-01 5.144287970029630230e+00 2.211309777108879937e-01
5.671232876712328785e-01 0.000000000000000000e+00 4.841499999999999970e-02 1.095457867165290367e-01 5.144612500395497889e+00 2.213275170138562231e-01
5.643835616438356295e-01 0.000000000000000000e+00 4.833000000000000490e-02 1.093584025231903040e-01 5.144863699737859619e+00 2.214837392447958075e-01
5.616438356164383805e-01 0.000000000000000000e+00 4.886999999999999678e-02 1.094770664306951441e-01 5.144706755258106945e+00 2.213842874629229629e-01
5.589041095890411315e-01 0.000000000000000000e+00 4.871000000000000330e-02 1.092520311302587199e-01 5.145002277736877794e+00 2.215734250974657760e-01
5.561643835616438825e-01 0.000000000000000000e+00 4.798000000000000181e-02 1.087553784022206593e-01 5.145634934424485607e+00 2.219961682222741928e-01
5.534246575342465224e-01 0.000000000000000000e+00 4.798000000000000181e-02 1.086120414902004144e-01 5.145802652928409771e+00 2.221235249064134609e-01
5.452054794520547754e-01 0.000000000000000000e+00 4.832900000000000390e-02 1.083422760911574440e-01 5.146116418408130500e+00 2.223640408954232761e-01
5.424657534246575263e-01 0.000000000000000000e+00 4.786999999999999589e-02 1.079885327245012627e-01 5.146519247055876711e+00 2.226834603619913810e-01
5.397260273972602773e-01 0.000000000000000000e+00 4.809000000000000080e-02 1.079446756747467623e-01 5.146567788936780907e+00 2.227238044294089225e-01
5.369863013698630283e-01 0.000000000000000000e+00 4.825000000000000122e-02 1.078719505932691503e-01 5.146648245735718774e+00 2.227907250109012194e-01
5.342465753424657793e-01 0.000000000000000000e+00 4.828000000000000347e-02 1.077404878340751937e-01 5.146793448746445065e+00 2.229118298481816141e-01
5.287671232876712812e-01 0.000000000000000000e+00 4.849400000000000238e-02 1.075428521725094316e-01 5.147010378445467715e+00 2.230946873938243202e-01
5.260273972602739212e-01 0.000000000000000000e+00 4.833000000000000490e-02 1.073273358928277244e-01 5.147243590920635548e+00 2.232961431242905803e-01
5.232876712328766722e-01 0.000000000000000000e+00 4.857000000000000206e-02 1.072831119061029570e-01 5.147290760755586447e+00 2.233379359952460119e-01
5.205479452054794232e-01 0.000000000000000000e+00 4.846700000000000313e-02 1.070941808063556044e-01 5.147492143508344498e+00 2.235165724485892735e-01
5.178082191780821741e-01 0.000000000000000000e+00 4.849400000000000238e-02 1.069596159002600133e-01 5.147633805938651719e+00 2.236450694867253286e-01
