3.082465753424657606e+01 4.000000000000000083e-02 1.864165379453682284e-02 3.938386428851278209e-01 8.760431189904885341e-02 3.112487885915673699e-02
3.082191780821917959e+01 4.000000000000000083e-02 1.828305896824428817e-02 3.944223627612445382e-01 8.765977021188627039e-02 3.101351843288694538e-02
3.081917808219177957e+01 4.000000000000000083e-02 1.823742474718013928e-02 3.944965573300631134e-01 8.766691219931839474e-02 3.099928185099363673e-02
3.081369863013698662e+01 4.000000000000000083e-02 1.827974301592032169e-02 3.944277548173590886e-01 8.766028910760652326e-02 3.101248404975557107e-02
3.081095890410959015e+01 4.000000000000000083e-02 1.837042293032561599e-02 3.942803282407209564e-01 8.764609686782923181e-02 3.104077424326765269e-02
3.080821917808219013e+01 4.000000000000000083e-02 1.837192308266089730e-02 3.942778893965845355e-01 8.764586207507110704e-02 3.104124226817586013e-02
3.080547945205479365e+01 4.000000000000000083e-02 1.832821430674069774e-02 3.943489477824074219e-01 8.765270306830394431e-02 3.102760575483431982e-02
3.080273972602739718e+01 4.000000000000000083e-02 1.851649491425528399e-02 3.940428854615215526e-01 8.762323298981317121e-02 3.108634976535164934e-02
3.080000000000000071e+01 4.000000000000000083e-02 1.872928116838931678e-02 3.936971075987151791e-01 8.758992036927931712e-02 3.115275226244401674e-02
3.079452054794520421e+01 4.000000000000000083e-02 1.869837088975946290e-02 3.937473199213941122e-01 8.759476047831898926e-02 3.114310455203591482e-02
3.079178082191780774e+01 4.000000000000000083e-02 1.874090798035946484e-02 3.936782212596647845e-01 8.758809972570404112e-02 3.115638131405859546e-02
3.078904109589041127e+01 4.000000000000000083e-02 1.889466909432789901e-02 3.934284669432909221e-01 8.756402157712761536e-02 3.120437569383036069e-02
3.078630136986301480e+01 4.000000000000000083e-02 1.885933789576250616e-02 3.934858409149556979e-01 8.756955508374669739e-02 3.119334601587762240e-02
3.078356164383561477e+01 4.000000000000000083e-02 1.912066925222438013e-02 3.930615584310290234e-01 8.752862063437588658e-02 3.127493794707328356e-02
3.078082191780821830e+01 4.000000000000000083e-02 1.879460414606272736e-02 3.935902960055107092e-01 8.757973193641856169e-02 3.117306670019930059e-02
3.077260273972602889e+01 4.000000000000000083e-02 1.897460302518451380e-02 3.932989063315924794e-01 8.755148823477010289e-02 3.122935567925896536e-02
3.076986301369862886e+01 4.000000000000000083e-02 1.925294718550407680e-02 3.928486655274520123e-01 8.750779243329273593e-02 3.131643720388167101e-02
3.076712328767123239e+01 4.000000000000000083e-02 1.917766376398577152e-02 3.929702711756498656e-01 8.751962080369928010e-02 3.129286590160908904e-02
3.076438356164383592e+01 4.000000000000000083e-02 1.901368541707899873e-02 3.932350911992432696e-01 8.754538797043717735e-02 3.124151817465911987e-02
3.076164383561643945e+01 4.000000000000000083e-02 1.880972602522800949e-02 3.935642276540108342e-01 8.757745254354915021e-02 3.117762347273311460e-02
3.075342465753424648e+01 4.000000000000000083e-02 1.868040766182175322e-02 3.937726824136464354e-01 8.759779646881260540e-02 3.113708642841849644e-02
3.075068493150685001e+01 4.000000000000000083e-02 1.880192883084886787e-02 3.935768980332943756e-01 8.757867310869840716e-02 3.117519047923668005e-02
3.074794520547945353e+01 4.000000000000000083e-02 1.901876069412622439e-02 3.932277836548896954e-01 8.754453751500008984e-02 3.124320496570647671e-02
3.074520547945205351e+01 4.000000000000000083e-02 1.894870219268808553e-02 3.933403975857870938e-01 8.755557787857182195e-02 3.122120893933573796e-02
3.074246575342465704e+01 4.000000000000000083e-02 1.895397614148350285e-02 3.933319216936724261e-01 8.755474667232218677e-02 3.122286496036548106e-02
3.073698630136986409e+01 4.000000000000000083e-02 1.870271285192385419e-02 3.937356028724142698e-01 8.759435513091191894e-02 3.114395378878648951e-02
3.073424657534246407e+01 4.000000000000000083e-02 1.848120344387418207e-02 3.940903520629615020e-01 8.762934213393559768e-02 3.107426026387291249e-02
3.073150684931506760e+01 4.000000000000000083e-02 1.828804258782544198e-02 3.943988511153050380e-01 8.765990411053577180e-02 3.101338928997482078e-02
3.072876712328767113e+01 4.000000000000000083e-02 1.883372112105721752e-02 3.935307599430093450e-01 8.757335377901927231e-02 3.118574122462397166e-02
3.072602739726027465e+01 4.000000000000000083e-02 1.872526076448076046e-02 3.937003193717502070e-01 8.759075501966089028e-02 3.115112000266850520e-02
3.072328767123287818e+01 4.000000000000000083e-02 1.848477984921893802e-02 3.940758700128112468e-01 8.762936522560661745e-02 3.107430608986410867e-02
3.071780821917808169e+01 4.000000000000000083e-02 1.833496105614420071e-02 3.943088479915371480e-01 8.765348885688900582e-02 3.102632369104045551e-02
3.071506849315068521e+01 4.000000000000000083e-02 1.856162767699184174e-02 3.939570906999849687e-01 8.761693956344950018e-02 3.109901287896309208e-02
3.071232876712328874e+01 4.000000000000000083e-02 1.868920171415339518e-02 3.937599749070683774e-01 8.759630593839291823e-02 3.114003912486126499e-02
3.070958904109588872e+01 4.000000000000000083e-02 1.909841508720995160e-02 3.931294027388692602e-01 8.752999557254201313e-02 3.127186568708066605e-02
3.070684931506849225e+01 4.000000000000000083e-02 1.924954413733273584e-02 3.929003632030052540e-01 8.750520679199774721e-02 3.132109816001284880e-02
3.070410958904109577e+01 4.000000000000000083e-02 1.917875928014783210e-02 3.930073828735288211e-01 8.751683816092610535e-02 3.129800074146483341e-02
3.069863013698630283e+01 4.000000000000000083e-02 1.926431499554407539e-02 3.928781132587019220e-01 8.750277287943677984e-02 3.132593029344202251e-02
3.069589041095890281e+01 4.000000000000000083e-02 1.962477710862717273e-02 3.923346216594775226e-01 8.744341934177682352e-02 3.144377392845951885e-02
3.069315068493150633e+01 4.000000000000000083e-02 1.963137266900623693e-02 3.923248480045014031e-01 8.744231836082057285e-02 3.144595739118595523e-02
3.069041095890410986e+01 4.000000000000000083e-02 1.955620677268259805e-02 3.924362269355692323e-01 8.745486616402252389e-02 3.142107270899736210e-02
3.068767123287671339e+01 4.000000000000000083e-02 1.954709544663618681e-02 3.924497154788023634e-01 8.745638829916979606e-02 3.141805421519554276e-02
3.068493150684931337e+01 4.000000000000000083e-02 1.940501314521902998e-02 3.926600170925023114e-01 8.748012809698402226e-02 3.137097723444366021e-02
3.067945205479452042e+01 4.000000000000000083e-02 1.940036556776941756e-02 3.926668680426890767e-01 8.748090725740959028e-02 3.136943256753259301e-02
3.067671232876712395e+01 4.000000000000000083e-02 1.974646826427268326e-02 3.921574137363864065e-01 8.742281672608573362e-02 3.148458457848831576e-02
3.067397260273972748e+01 4.000000000000000083e-02 2.002597103735427597e-02 3.917571684740562277e-01 8.737475663338038767e-02 3.157965362323043867e-02
3.067123287671232745e+01 4.000000000000000083e-02 1.960390939020859036e-02 3.923501305092267355e-01 8.744866067842343993e-02 3.143370068575231102e-02
3.066849315068493098e+01 4.000000000000000083e-02 1.978096149830575051e-02 3.921105144293971501e-01 8.741638146762159556e-02 3.149720400667425230e-02
3.066575342465753451e+01 4.000000000000000083e-02 2.001980955183054606e-02 3.917894394091875343e-01 8.737248830329681637e-02 3.158348742335882059e-02
3.066027397260273801e+01 4.000000000000000083e-02 1.997087881225183270e-02 3.918544500466631941e-01 8.738161066118434184e-02 3.156558122267930783e-02
3.065753424657534154e+01 4.000000000000000083e-02 1.983418316635357503e-02 3.920359342271514946e-01 8.740711898310168926e-02 3.151551590918124507e-02
3.065479452054794507e+01 4.000000000000000083e-02 1.967088392077489742e-02 3.922517213289017923e-01 8.743777548185482917e-02 3.145538364512989737e-02
3.065205479452054860e+01 4.000000000000000083e-02 1.958740034673201597e-02 3.923612463440205311e-01 8.745359727001406069e-02 3.142438029467461286e-02
3.064931506849315213e+01 4.000000000000000083e-02 1.949106131353853591e-02 3.924873814597819588e-01 8.747190508839451650e-02 3.138851581350154268e-02
3.064657534246575210e+01 4.000000000000000083e-02 1.942473986277986134e-02 3.925739516281983588e-01 8.748456067257405488e-02 3.136373481979593675e-02
3.064109589041095916e+01 4.000000000000000083e-02 1.945644879803611754e-02 3.925326243826445238e-01 8.747849727621707927e-02 3.137560494360149693e-02
3.063835616438356269e+01 4.000000000000000083e-02 1.949384063367271686e-02 3.924839108038686297e-01 8.747134306623648159e-02 3.138960965036403927e-02
3.063561643835616266e+01 4.000000000000000083e-02 1.992937501377419970e-02 3.919185395289894736e-01 8.738765174719519135e-02 3.155336990609888120e-02
3.063287671232876619e+01 4.000000000000000083e-02 2.006684919201013120e-02 3.917516808986749588e-01 8.735805565402683659e-02 3.161049368264717135e-02
3.063013698630136972e+01 4.000000000000000083e-02 2.027529120149979686e-02 3.915000950859864881e-01 8.731266501072076913e-02 3.169796886235918404e-02
3.062739726027397325e+01 4.000000000000000083e-02 2.039190372489928932e-02 3.913610422751244156e-01 8.728659480252616565e-02 3.174802810478392912e-02
3.062191780821917675e+01 4.000000000000000083e-02 2.044816561392818338e-02 3.912942239150636325e-01 8.727390031018521233e-02 3.177237170323533172e-02
3.061917808219178028e+01 4.000000000000000083e-02 2.066292437780587604e-02 3.910395413430393097e-01 8.722528108960342363e-02 3.186556163486232995e-02
3.061643835616438380e+01 4.000000000000000083e-02 2.066302516492057872e-02 3.910394235606730051e-01 8.722525743433635903e-02 3.186560673249248798e-02
3.061369863013698733e+01 4.000000000000000083e-02 2.068043995527268919e-02 3.910190722369570882e-01 8.722117007059999871e-02 3.187339908905201941e-02
3.061095890410958731e+01 4.000000000000000083e-02 2.101827419794901480e-02 3.906247309753123065e-01 8.714168610571836060e-02 3.202488425116637588e-02
3.060273972602739789e+01 4.000000000000000083e-02 2.108108732855441120e-02 3.905540443960162089e-01 8.712517690743035170e-02 3.205576166395052162e-02
3.060000000000000142e+01 4.000000000000000083e-02 2.109752659028867050e-02 3.905355626869005947e-01 8.712084124333568935e-02 3.206386552732142653e-02
3.059726027397260140e+01 4.000000000000000083e-02 2.124287992516688678e-02 3.903721930028917764e-01 8.708247101304296411e-02 3.213557185127598192e-02
3.059452054794520492e+01 4.000000000000000083e-02 2.086642969741575593e-02 3.907920716718856213e-01 8.718459755859378491e-02 3.194569097500849636e-02
3.059178082191780845e+01 4.000000000000000083e-02 2.103282465930096656e-02 3.906122619126097262e-01 8.713250289185633934e-02 3.203954851881771204e-02
3.058904109589041198e+01 4.000000000000000083e-02 2.110515095242955497e-02 3.905344366738762729e-01 8.710931961422212211e-02 3.208107350360017707e-02
3.058356164383561548e+01 4.000000000000000083e-02 2.106066000146735590e-02 3.905822666048247571e-01 8.712365524267352834e-02 3.205543008169430691e-02
3.058082191780821901e+01 4.000000000000000083e-02 2.089498229208796090e-02 3.907602956198402699e-01 8.717718028959786647e-02 3.195974911221416415e-02
3.057808219178082254e+01 4.000000000000000083e-02 2.072981080498633236e-02 3.909368080972311921e-01 8.723233544319411448e-02 3.186200507586213482e-02
3.057534246575342607e+01 4.000000000000000083e-02 2.097748518860443126e-02 3.906735498845821386e-01 8.714668129607114344e-02 3.201234080375054553e-02
3.057260273972602604e+01 4.000000000000000083e-02 2.093937863972484062e-02 3.907136707052012436e-01 8.716081339806855399e-02 3.198804667290933157e-02
3.056986301369862957e+01 4.000000000000000083e-02 2.124825207434179186e-02 3.907480694148940947e-01 8.819262629916732599e-02 3.120106736412983639e-02
3.056438356164383663e+01 4.000000000000000083e-02 2.125585022926560277e-02 3.907401912237934982e-01 8.818954028154678271e-02 3.120621677345694275e-02
3.056164383561643660e+01 4.000000000000000083e-02 2.134405554233959751e-02 3.906485805081552076e-01 8.815318184107458210e-02 3.126645019167173523e-02
3.055890410958904013e+01 4.000000000000000083e-02 2.130775623864331753e-02 3.906862494179684231e-01 8.816827970814405946e-02 3.124151890699502707e-02
3.055616438356164366e+01 4.000000000000000083e-02 2.137303079160163960e-02 3.906185233383044353e-01 8.814108123093633562e-02 3.128640279176709421e-02
3.055342465753424719e+01 4.000000000000000083e-02 2.162808047711598305e-02 3.909015014424721546e-01 9.003247256199967130e-02 2.982619517669578627e-02
3.055068493150685072e+01 4.000000000000000083e-02 2.197374441407714749e-02 3.908537691021101157e-01 1.061908431348900506e-01 3.476543832718824445e-02
3.054520547945205422e+01 4.000000000000000083e-02 2.197872463094108914e-02 3.908486442482372314e-01 1.061889218455061568e-01 3.476994138259621031e-02
3.054246575342465775e+01 4.000000000000000083e-02 2.176589992178770347e-02 3.915050649413826522e-01 1.078331536946286612e-01 3.308120528970098784e-02
3.053972602739726128e+01 4.000000000000000083e-02 2.168499173254508777e-02 3.916609781106840105e-01 1.081390286761641645e-01 3.275593235729293978e-02
3.053698630136986125e+01 4.000000000000000083e-02 2.145544808507457782e-02 3.922341121970410183e-01 1.095535998676383099e-01 3.135400849067541268e-02
3.053424657534246478e+01 4.000000000000000083e-02 2.138507812518084666e-02 3.923044560066848430e-01 1.095866305808242402e-01 3.129527427080704832e-02
3.053150684931506831e+01 4.000000000000000083e-02 2.160256444166951117e-02 3.925277477311332475e-01 1.112709601883681843e-01 2.988525912307621671e-02
3.052602739726027536e+01 4.000000000000000083e-02 2.166410680259629740e-02 3.926146407978386987e-01 1.118495217881671777e-01 2.939931351946113020e-02
3.052328767123287534e+01 4.000000000000000083e-02 2.164732697477083495e-02 3.926314046742727104e-01 1.118578026367171019e-01 2.938507253885168716e-02
3.052054794520547887e+01 4.000000000000000083e-02 2.192045401258119891e-02 3.928072193183838046e-01 1.136913368366869043e-01 2.795885781392237757e-02
3.051780821917808240e+01 4.000000000000000083e-02 2.160062579763992116e-02 3.939081025754105347e-01 1.177107863184701231e-01 2.470578805520117285e-02
3.051506849315068592e+01 4.000000000000000083e-02 2.153255247784292142e-02 3.939757256344186276e-01 1.177517633515743900e-01 2.464516336242855363e-02
3.051232876712328590e+01 4.000000000000000083e-02 2.135640129843844812e-02 3.941505895545235338e-01 1.178574513703447707e-01 2.448864006382649519e-02
3.050684931506849296e+01 4.000000000000000083e-02 2.141218405198180505e-02 3.940951907848854185e-01 1.178233360387658663e-01 2.453851588869057632e-02
3.050410958904109648e+01 4.000000000000000083e-02 2.157417696929248008e-02 3.939343038087623206e-01 1.177240077728245599e-01 2.468347555872850776e-02
3.050136986301370001e+01 4.000000000000000083e-02 2.127780087074551685e-02 3.942287859488708412e-01 1.179094970047409319e-01 2.441654175196652024e-02
3.049863013698629999e+01 4.000000000000000083e-02 2.140301759088218680e-02 3.941042266234105473e-01 1.178264487014094170e-01 2.453128518180500497e-02
3.049589041095890352e+01 4.000000000000000083e-02 2.139873039361144674e-02 3.941084920965370886e-01 1.178293205000991856e-01 2.452734547452272568e-02
3.049315068493150704e+01 4.000000000000000083e-02 2.138741429579767844e-02 3.941197508565407737e-01 1.178369007601707263e-01 2.451694653329895141e-02
3.048493150684931408e+01 4.000000000000000083e-02 2.152848205554061881e-02 3.939793969786516969e-01 1.177423720671193497e-01 2.464659360615928038e-02
3.048219178082191760e+01 4.000000000000000083e-02 2.163982331774863196e-02 3.938685843724353264e-01 1.176664504085905560e-01 2.474941882257174902e-02
3.047945205479452113e+01 4.000000000000000083e-02 2.165565637342014085e-02 3.938528234955547269e-01 1.176555362477301886e-01 2.476408424996631719e-02
3.047671232876712466e+01 4.000000000000000083e-02 2.170476876326409704e-02 3.938039347453558547e-01 1.176216716992708466e-01 2.480957843284827685e-02
3.047397260273972464e+01 4.000000000000000083e-02 2.175656702139805443e-02 3.938756181897259956e-01 1.183030929580990848e-01 2.436604807743488268e-02
3.046849315068493169e+01 4.000000000000000083e-02 2.174985139520741947e-02 3.938823125230683231e-01 1.183078011695599396e-01 2.435978330467155478e-02
3.046575342465753522e+01 4.000000000000000083e-02 2.203766111168800612e-02 3.940466984976292442e-01 1.208971770507023813e-01 2.281831480135932191e-02
3.046301369863013875e+01 4.000000000000000083e-02 2.190428445970678609e-02 3.948104490791987109e-01 1.250440108383610305e-01 2.015876297513127108e-02
3.046027397260273872e+01 4.000000000000000083e-02 2.202840774568566931e-02 3.946846331012724418e-01 1.249300945841412547e-01 2.028607415706491085e-02
3.045753424657534225e+01 4.000000000000000083e-02 2.199292616352323260e-02 3.947205837934248396e-01 1.249630172118495613e-01 2.024966003970733730e-02
3.045479452054794578e+01 4.000000000000000083e-02 2.209399831116211702e-02 3.946181849424938437e-01 1.248691886000835166e-01 2.035336913390110858e-02
3.044931506849314928e+01 4.000000000000000083e-02 2.210140290266827262e-02 3.946106897115531087e-01 1.248622829996117040e-01 2.036095364544519143e-02
3.044657534246575281e+01 4.000000000000000083e-02 2.248982981009093468e-02 3.942173980951266254e-01 1.245006051119670887e-01 2.075903853003766009e-02
3.044383561643835634e+01 4.000000000000000083e-02 2.268515979049393061e-02 3.940209982683897105e-01 1.243115671117142607e-01 2.095647134569376957e-02
3.044109589041095987e+01 4.000000000000000083e-02 2.242963133894672681e-02 3.942777864430869195e-01 1.245596454258783431e-01 2.069846880530142388e-02
3.043835616438356340e+01 4.000000000000000083e-02 2.219208359133318514e-02 3.945163266287666226e-01 1.247912783427737454e-01 2.045897402624356765e-02
3.043561643835616337e+01 4.000000000000000083e-02 2.229302273020998537e-02 3.944150193929897852e-01 1.246925450656427153e-01 2.056063477221290250e-02
3.042739726027397396e+01 4.000000000000000083e-02 2.245206280345829128e-02 3.942554138766452554e-01 1.245368966937403093e-01 2.072078317862776145e-02
3.042465753424657393e+01 4.000000000000000083e-02 2.246076259798875097e-02 3.942466851166461783e-01 1.245283710510543956e-01 2.072953973037352030e-02
3.042191780821917746e+01 4.000000000000000083e-02 2.219322800729913933e-02 3.945151065568446302e-01 1.247905726259861819e-01 2.046026741905706409e-02
3.041917808219178099e+01 4.000000000000000083e-02 2.207836009758330081e-02 3.946302850980446530e-01 1.249035606564458945e-01 2.034479137990526793e-02
3.041643835616438452e+01 4.000000000000000083e-02 2.223504168438887596e-02 3.944731953842595673e-01 1.247493515514497275e-01 2.050227185093971005e-02
3.041095890410958802e+01 4.000000000000000083e-02 2.223302465230125521e-02 3.944752173136885087e-01 1.247513388596928480e-01 2.050024523502872939e-02
3.040821917808219155e+01 4.000000000000000083e-02 2.235882920114976025e-02 3.943491077159295144e-01 1.246273858329191436e-01 2.062664674471758469e-02
3.040547945205479508e+01 4.000000000000000083e-02 2.227739733602550343e-02 3.944307263345157577e-01 1.247076826111339076e-01 2.054484948412330786e-02
3.040273972602739860e+01 4.000000000000000083e-02 2.209188239383253621e-02 3.946166551229057795e-01 1.248906805225061395e-01 2.035852489791667441e-02
3.039999999999999858e+01 4.000000000000000083e-02 2.200490096961688069e-02 3.947038048139726030e-01 1.249766353373326505e-01 2.027121441783291678e-02
3.039726027397260211e+01 4.000000000000000083e-02 2.184797953612629268e-02 3.955239042693439178e-01 1.297988876436710348e-01 1.747450858464996357e-02
3.038904109589041269e+01 4.000000000000000083e-02 2.197370012585315308e-02 3.956127463295117108e-01 1.243911148780822568e-01 1.545757061052054591e-02
3.038630136986301267e+01 4.000000000000000083e-02 2.166117146175256317e-02 3.963588314713821781e-01 1.275384502794829900e-01 1.339864837858791187e-02
3.038356164383561620e+01 4.000000000000000083e-02 2.191704484557073507e-02 3.965827686346118930e-01 1.287626606136778318e-01 1.138435539411938521e-02
3.038082191780821972e+01 4.000000000000000083e-02 2.209544925192706913e-02 3.965863789275109186e-01 1.298388589991235076e-01 1.082408603349638114e-02
3.037808219178082325e+01 4.000000000000000083e-02 2.226564465884979180e-02 3.964148444074098721e-01 1.296732874955674464e-01 1.099960557501875047e-02
3.037260273972602675e+01 4.000000000000000083e-02 2.229026744705713686e-02 3.963900432657612161e-01 1.296492727159564706e-01 1.102493543451323228e-02
3.036986301369863028e+01 4.000000000000000083e-02 2.206194651330768697e-02 3.970470929583300723e-01 1.219387042541287963e-01 6.971062726590376499e-03
3.036712328767123381e+01 4.000000000000000083e-02 2.202147359100506060e-02 3.971549297240211107e-01 1.224000119491318178e-01 6.656912277049073859e-03
3.036438356164383734e+01 4.000000000000000083e-02 2.190400010310585011e-02 3.974972222558320056e-01 1.239353007187258549e-01 5.625933624862082712e-03
3.036164383561643731e+01 4.000000000000000083e-02 2.187930942102503384e-02 3.975215028301228304e-01 1.239539475455282980e-01 5.602849475392026983e-03
3.035890410958904084e+01 4.000000000000000083e-02 2.182649673511590643e-02 3.975734129928763516e-01 1.239936760099806801e-01 5.553576692388831337e-03
3.035342465753424790e+01 4.000000000000000083e-02 2.182237401593498105e-02 3.975774658413194773e-01 1.239967830657070225e-01 5.549728191808051513e-03
3.035068493150684787e+01 4.000000000000000083e-02 2.207746008896665710e-02 3.982040705816070614e-01 1.295458908597334480e-01 2.216344460864753778e-03
3.034794520547945140e+01 4.000000000000000083e-02 2.213332497198177221e-02 3.982315774273015863e-01 1.300448321644686045e-01 1.932868320246860410e-03
3.034520547945205493e+01 4.000000000000000083e-02 2.208756570014101112e-02 3.984498276458408039e-01 1.275397375786245513e-01 4.897560683983317488e-04
3.034246575342465846e+01 4.000000000000000083e-02 2.175070499288399642e-02 3.987812814703075026e-01 1.277984919994365476e-01 1.741475248412740497e-04
3.033972602739726199e+01 4.000000000000000083e-02 2.151296143830889671e-02 3.990164063305246533e-01 1.279946948188424583e-01 -5.302603285464737134e-05
3.033424657534246549e+01 4.000000000000000083e-02 2.157424572330146617e-02 3.989557034022853110e-01 1.279429431807276307e-01 5.895279102566252448e-06
3.033150684931506902e+01 4.000000000000000083e-02 2.166971656674603411e-02 3.988611286059508543e-01 1.278621978914214474e-01 9.772237942079972108e-05
3.032876712328767255e+01 4.000000000000000083e-02 2.164969772492355074e-02 3.988809647599049768e-01 1.278791970392394450e-01 7.844731808570986069e-05
3.032602739726027252e+01 4.000000000000000083e-02 2.178657978085634522e-02 3.987453291342206718e-01 1.277629269751975327e-01 2.102542790844084660e-04
3.032328767123287605e+01 4.000000000000000083e-02 2.162847708671671032e-02 3.989020938198593602e-01 1.278985796423517951e-01 5.761573917813851453e-05
3.032054794520547958e+01 4.000000000000000083e-02 2.161025115302141197e-02 3.989201801821454230e-01 1.279144199843803287e-01 3.996191192002740514e-05
3.031506849315068663e+01 4.000000000000000083e-02 2.164636526310050046e-02 3.988843422539689043e-01 1.278830275890084911e-01 7.494389149583305116e-05
3.031232876712328661e+01 4.000000000000000083e-02 2.130537645597381513e-02 3.992227586756815771e-01 1.281799216624092963e-01 -2.554944926042966450e-04
3.030958904109589014e+01 4.000000000000000083e-02 2.159829021536623442e-02 3.989312151624135883e-01 1.279121916217831056e-01 3.172356891862365843e-05
3.030684931506849367e+01 4.000000000000000083e-02 2.141438742676879392e-02 3.991144310620711178e-01 1.280831592778012007e-01 -1.493112554650305663e-04
3.030410958904109719e+01 4.000000000000000083e-02 2.149055289963749948e-02 3.990385280787213107e-01 1.280119746137846903e-01 -7.424326152437295886e-05
3.030136986301369717e+01 4.000000000000000083e-02 2.176235891632796390e-02 3.987676393171444289e-01 1.277576072956593534e-01 1.937263456859094170e-04
3.029589041095890423e+01 4.000000000000000083e-02 2.177756494086302563e-02 3.987524757690582011e-01 1.277432214830007962e-01 2.087542196373936003e-04
3.029315068493150775e+01 4.000000000000000083e-02 2.147975350610070722e-02 3.990494607374878155e-01 1.280250653091330737e-01 -8.559059367263864928e-05
3.029041095890411128e+01 4.000000000000000083e-02 2.153955224674489882e-02 3.989897943232886268e-01 1.279678626224692584e-01 -2.634839154659895187e-05
3.028767123287671126e+01 4.000000000000000083e-02 2.166285947891493507e-02 3.988667574005501093e-01 1.278498615092605317e-01 9.582185986811932361e-05
3.028493150684931479e+01 4.000000000000000083e-02 2.212050764334180797e-02 3.992847513508613888e-01 1.123602077781685749e-01 -8.030775803428346835e-03
3.028219178082191831e+01 4.000000000000000083e-02 2.192817153129013666e-02 3.996523522105923654e-01 1.134711803427273513e-01 -8.967421081183797257e-03
3.027671232876712182e+01 4.000000000000000083e-02 2.191396611581316461e-02 3.996664571976081826e-01 1.134807138930015724e-01 -8.981376466118268231e-03
3.027397260273972535e+01 4.000000000000000083e-02 2.189125945600167017e-02 3.996889935043330677e-01 1.134958986858794899e-01 -9.003641789058009631e-03
3.027123287671232887e+01 4.000000000000000083e-02 2.184749992221584475e-02 3.997324251350379276e-01 1.135251721959083526e-01 -9.046551799342446298e-03
3.026849315068493240e+01 4.000000000000000083e-02 2.206155763030293732e-02 4.000436388474010174e-01 1.163945608786038088e-01 -1.104684407325296804e-02
3.026575342465753593e+01 4.000000000000000083e-02 2.202538131688541040e-02 4.000795769276712655e-01 1.164196830752867728e-01 -1.108240341480435341e-02
3.026301369863013591e+01 4.000000000000000083e-02 2.225654945418992225e-02 4.004013980700791286e-01 1.195334942707550752e-01 -1.317380793966971969e-02
3.025753424657534296e+01 4.000000000000000083e-02 2.228927187680142599e-02 4.003681943398986753e-01 1.195056923108215458e-01 -1.313877632986479478e-02
3.025479452054794649e+01 4.000000000000000083e-02 2.229261134700166735e-02 4.003648008399300906e-01 1.195028217534641474e-01 -1.313518088398076163e-02
3.025205479452054647e+01 4.000000000000000083e-02 2.237566466089615722e-02 4.002804036859202719e-01 1.194314306994466029e-01 -1.304576088057989719e-02
3.024931506849314999e+01 4.000000000000000083e-02 2.251498429873370968e-02 4.001389340840326714e-01 1.193109604862887807e-01 -1.289629806290559268e-02
3.024657534246575352e+01 4.000000000000000083e-02 2.233694709420231891e-02 4.007917666472616824e-01 1.224447233830524007e-01 -1.504228248098263623e-02
3.024383561643835705e+01 4.000000000000000083e-02 2.221524544762456047e-02 4.013644106453180260e-01 1.254395597610530044e-01 -1.702754298476151507e-02
3.023835616438356055e+01 4.000000000000000083e-02 2.229777413026925309e-02 4.015038787200971293e-01 1.268018281289257920e-01 -1.786162143663644342e-02
3.023561643835616408e+01 4.000000000000000083e-02 2.238243945570468976e-02 4.014748829077202652e-01 1.270907553218131592e-01 -1.800631016515740965e-02
3.023287671232876761e+01 4.000000000000000083e-02 2.233205264135093571e-02 4.016877425257667222e-01 1.281889555395825386e-01 -1.872678689605910760e-02
3.023013698630137114e+01 4.000000000000000083e-02 2.252976355161535882e-02 4.016247840698781157e-01 1.289113260128691152e-01 -1.908134432245355006e-02
3.022739726027397111e+01 4.000000000000000083e-02 2.270048248421890555e-02 4.014523791900925231e-01 1.287495797943254416e-01 -1.890321332540665505e-02
3.022465753424657464e+01 4.000000000000000083e-02 2.265590231456977854e-02 4.014973347908083467e-01 1.287921473619957069e-01 -1.894943130303327478e-02
3.021643835616438523e+01 4.000000000000000083e-02 2.269910373132643863e-02 4.014537734724318851e-01 1.287508769288567279e-01 -1.890466054461307013e-02
3.021369863013698520e+01 4.000000000000000083e-02 2.303405091062064175e-02 4.011160414020968346e-01 1.284308800538781214e-01 -1.855757402582158822e-02
3.021095890410958873e+01 4.000000000000000083e-02 2.281793805724788640e-02 4.013331302326095806e-01 1.286415629828913387e-01 -1.877786238827042209e-02
3.020821917808219226e+01 4.000000000000000083e-02 2.297598868741907233e-02 4.011744612096975748e-01 1.284869731021802963e-01 -1.861717392234415666e-02
3.020547945205479579e+01 4.000000000000000083e-02 2.290247571480485619e-02 4.012482414610975545e-01 1.285589862271735995e-01 -1.869182546346437671e-02
3.019999999999999929e+01 4.000000000000000083e-02 2.290608689968932563e-02 4.012446173772862279e-01 1.285554474705969674e-01 -1.868815934820514807e-02
3.019726027397260282e+01 4.000000000000000083e-02 2.304750591381462058e-02 4.011026937649086466e-01 1.284168619221591479e-01 -1.854459153416223097e-02
3.019452054794520635e+01 4.000000000000000083e-02 2.299866054852927125e-02 4.011516994315792450e-01 1.284648046135792032e-01 -1.859411857919897673e-02
3.019178082191780987e+01 4.000000000000000083e-02 2.292019818509314841e-02 4.012304163912823185e-01 1.285418327963988028e-01 -1.867366341476356384e-02
3.018904109589040985e+01 4.000000000000000083e-02 2.294436419271393690e-02 4.012061743400101577e-01 1.285180955690519156e-01 -1.864917424556770953e-02
3.018630136986301338e+01 4.000000000000000083e-02 2.306880392293396420e-02 4.010813445964150348e-01 1.283958552381510854e-01 -1.852307718078035140e-02
3.018082191780822043e+01 4.000000000000000083e-02 2.306405385878602249e-02 4.010861081329938349e-01 1.284005291031662110e-01 -1.852788441195507563e-02
3.017808219178082041e+01 4.000000000000000083e-02 2.305212933222982805e-02 4.010980664764260406e-01 1.284122623631420990e-01 -1.853995243205442539e-02
3.017534246575342394e+01 4.000000000000000083e-02 2.319642556800836225e-02 4.009533568589795371e-01 1.282703035221528787e-01 -1.839390186567334620e-02
3.017260273972602747e+01 4.000000000000000083e-02 2.302473294203961560e-02 4.011254537264467568e-01 1.284396988468317624e-01 -1.856730578853212771e-02
3.016986301369863099e+01 4.000000000000000083e-02 2.335890298605514462e-02 4.006760282207382229e-01 1.305098416033019793e-01 -1.533618463037889415e-02
3.016712328767123452e+01 4.000000000000000083e-02 2.329118100181449408e-02 4.007484902227145818e-01 1.306361387273649310e-01 -1.535785872063926381e-02
3.016164383561643803e+01 4.000000000000000083e-02 2.337650466236360428e-02 4.006573138421017366e-01 1.304806284387517445e-01 -1.533021526238713579e-02
3.015890410958904155e+01 4.000000000000000083e-02 2.355314822740561115e-02 3.997106933297722708e-01 1.274464729255048723e-01 -8.321881391484486912e-03
3.015616438356164508e+01 4.000000000000000083e-02 2.370800695327983723e-02 3.994702943089541436e-01 1.276932877779254627e-01 -6.240333830942148240e-03
3.015342465753424506e+01 4.000000000000000083e-02 2.338251006373806909e-02 3.990555199332076475e-01 1.242079618749003522e-01 -1.443237527594130485e-03
3.015068493150684859e+01 4.000000000000000083e-02 2.342586484200799568e-02 3.990137386199585356e-01 1.241992586609730193e-01 -1.379599195983445417e-03
3.014794520547945211e+01 4.000000000000000083e-02 2.355644219487678520e-02 3.985850335631145325e-01 1.257375406409897700e-01 6.828563155236466210e-03
3.014246575342465917e+01 4.000000000000000083e-02 2.351987520327773404e-02 3.985607826380234697e-01 1.253908096948336270e-01 7.098902811469061901e-03
3.013972602739725914e+01 4.000000000000000083e-02 2.330243829903967320e-02 3.987700663688844016e-01 1.254322674428009488e-01 6.778357007952270398e-03
3.013698630136986267e+01 4.000000000000000083e-02 2.336460532460388553e-02 3.987099425583348067e-01 1.254195932232135824e-01 6.863756081741138534e-03
3.013424657534246620e+01 4.000000000000000083e-02 2.347234991330096956e-02 3.985428101156272551e-01 1.255561207291843728e-01 8.253941451471810339e-03
3.013150684931506973e+01 4.000000000000000083e-02 2.353971357557113966e-02 3.981997645142471565e-01 1.248888188396243132e-01 1.162596857912661513e-02
3.012876712328766970e+01 4.000000000000000083e-02 2.363568273854548332e-02 3.979248190816995767e-01 1.227491151946248499e-01 1.098740229312849398e-02
3.012054794520548029e+01 4.000000000000000083e-02 2.380016058670370374e-02 3.977609875351952318e-01 1.225974822350675147e-01 1.108874478185795619e-02
3.011780821917808382e+01 4.000000000000000083e-02 2.376250527464422377e-02 3.977985524771207038e-01 1.226332723103374378e-01 1.106191357855023337e-02
3.011506849315068379e+01 4.000000000000000083e-02 2.369801742344579409e-02 3.978628868407081964e-01 1.226945903512205588e-01 1.101586890822400279e-02
3.011232876712328732e+01 4.000000000000000083e-02 2.378200483683980127e-02 3.977790924037670206e-01 1.226145980100790817e-01 1.107635015708335370e-02
3.010958904109589085e+01 4.000000000000000083e-02 2.390056030857197131e-02 3.976607895598888165e-01 1.225012985326660725e-01 1.116325214648573524e-02
3.010410958904109435e+01 4.000000000000000083e-02 2.386521866739357844e-02 3.976960694558112075e-01 1.225353410561602768e-01 1.113618720135978353e-02
3.010136986301369788e+01 4.000000000000000083e-02 2.394126980672622515e-02 3.976201524572938184e-01 1.224621110021023168e-01 1.119430786660444502e-02
3.009863013698630141e+01 4.000000000000000083e-02 2.395419867713045534e-02 3.976072442263767770e-01 1.224496183429018559e-01 1.120439081930333682e-02
3.009589041095890494e+01 4.000000000000000083e-02 2.413485107304474270e-02 3.974269308742441331e-01 1.222760911515222981e-01 1.134008852021240604e-02
3.009315068493150847e+01 4.000000000000000083e-02 2.429453351328284688e-02 3.972674107847961045e-01 1.221199006438950102e-01 1.147457028979884629e-02
3.009041095890410844e+01 4.000000000000000083e-02 2.449619823278977732e-02 3.970659141355236676e-01 1.219218712352552192e-01 1.164904997689176699e-02
3.008493150684931550e+01 4.000000000000000083e-02 2.448337910216745461e-02 3.970787248845026873e-01 1.219345080633557066e-01 1.163764543522068963e-02
3.008219178082191902e+01 4.000000000000000083e-02 2.457281325139990327e-02 3.969893491553642129e-01 1.218463445878931045e-01 1.171721841367615209e-02
3.007945205479451900e+01 4.000000000000000083e-02 2.434187547279912517e-02 3.972201430765420205e-01 1.220741503839312264e-01 1.151074606440271111e-02
3.007671232876712253e+01 4.000000000000000083e-02 2.415496308581225465e-02 3.974069713622517819e-01 1.222592219025107757e-01 1.133877045103090855e-02
3.007397260273972606e+01 4.000000000000000083e-02 2.405377523116925334e-02 3.975081201398865116e-01 1.223595527052956239e-01 1.124463905341279227e-02
3.007123287671232958e+01 4.000000000000000083e-02 2.413495262589818863e-02 3.974269726922704526e-01 1.222790324776068943e-01 1.132038394204280471e-02
3.006575342465753309e+01 4.000000000000000083e-02 2.413915685697417754e-02 3.974227699634356736e-01 1.222748612240725646e-01 1.132431482265358266e-02
3.006301369863013662e+01 4.000000000000000083e-02 2.417994553437549654e-02 3.973819958592123558e-01 1.222343924607155741e-01 1.136245171642057128e-02
3.006027397260274014e+01 4.000000000000000083e-02 2.406537236107303065e-02 3.974965285124686942e-01 1.223480760270798523e-01 1.125525879020573307e-02
3.005753424657534367e+01 4.000000000000000083e-02 2.412213924923368655e-02 3.974397798316631758e-01 1.222917092899376557e-01 1.130868009174961636e-02
3.005479452054794365e+01 4.000000000000000083e-02 2.421323440667746268e-02 3.973487131983235443e-01 1.222012411686476396e-01 1.139452324796372956e-02
3.005205479452054718e+01 4.000000000000000083e-02 2.433580485491227893e-02 3.972261786888965363e-01 1.220794612466624962e-01 1.151044069968630221e-02
3.004657534246575423e+01 4.000000000000000083e-02 2.432729794851404975e-02 3.972346834317073139e-01 1.220879205035663856e-01 1.150233859124352893e-02
3.004383561643835776e+01 4.000000000000000083e-02 2.444449664306195397e-02 3.971175148270306710e-01 1.219713844383996382e-01 1.161391137999081592e-02
3.004109589041095774e+01 4.000000000000000083e-02 2.435960285915562962e-02 3.972023897134635551e-01 1.220558616201436325e-01 1.153258435286465960e-02
3.003835616438356126e+01 4.000000000000000083e-02 2.435752551342765596e-02 3.972044666304070382e-01 1.220579295083183413e-01 1.153058830300551264e-02
3.003561643835616479e+01 4.000000000000000083e-02 2.399458255783314814e-02 3.974620323188038928e-01 1.258084808840655711e-01 2.120830359942064980e-02
3.002739726027397182e+01 4.000000000000000083e-02 2.402392170234596280e-02 3.974325279839303060e-01 1.257770557527949640e-01 2.123010592898458629e-02
3.002465753424657535e+01 4.000000000000000083e-02 2.396345428603224512e-02 3.974933158063768124e-01 1.258418301777981807e-01 2.118571337480519914e-02
3.002191780821917888e+01 4.000000000000000083e-02 2.381162696244915056e-02 3.976459387982029248e-01 1.260043412699600740e-01 2.107396762933452100e-02
3.001917808219178241e+01 4.000000000000000083e-02 2.353613137614801384e-02 3.972731057501487917e-01 1.230398272776399154e-01 2.768914341836889101e-02
3.001643835616438238e+01 4.000000000000000083e-02 2.360065187993042740e-02 3.972084134853370307e-01 1.229737741871152618e-01 2.774070232789527593e-02
3.001369863013698591e+01 4.000000000000000083e-02 2.369082922757407769e-02 3.971180022892016326e-01 1.228802585501698880e-01 2.780878487536967217e-02
3.000821917808219297e+01 4.000000000000000083e-02 2.368276573388812534e-02 3.971260861361771144e-01 1.228886121955562044e-01 2.780266202766658659e-02
3.000547945205479294e+01 4.000000000000000083e-02 2.364978411678993198e-02 3.971591509801920550e-01 1.229227802594147073e-01 2.777761666380803088e-02
3.000273972602739647e+01 4.000000000000000083e-02 2.344966951308304418e-02 3.967081745520062430e-01 1.198639599798130007e-01 3.435779698157731543e-02
3.000000000000000000e+01 4.000000000000000083e-02 2.319020372500388630e-02 3.967056899753391153e-01 1.174510360900877376e-01 3.243671443307803021e-02
2.999726027397260353e+01 4.000000000000000083e-02 2.324055896258693868e-02 3.966574625131789600e-01 1.174419415630059971e-01 3.254090277920837493e-02
2.999452054794520706e+01 4.000000000000000083e-02 2.333727486237732740e-02 3.966762645590765635e-01 1.199361057057080210e-01 3.713343915824609404e-02
2.998904109589041056e+01 4.000000000000000083e-02 2.334317365451693896e-02 3.966700514624914575e-01 1.199272461097798947e-01 3.713672677467273059e-02
2.998630136986301409e+01 4.000000000000000083e-02 2.326842121439037445e-02 3.967488127318298807e-01 1.200404000247555919e-01 3.709692628188893115e-02
2.998356164383561762e+01 4.000000000000000083e-02 2.341761077326445784e-02 3.961893129354676635e-01 1.188232183833579647e-01 4.370578536807776665e-02
2.998082191780821759e+01 4.000000000000000083e-02 2.328731173750988107e-02 3.963263273293032296e-01 1.190167044125708812e-01 4.363662388981208451e-02
2.997808219178082112e+01 4.000000000000000083e-02 2.295813987219926661e-02 3.966716440182017078e-01 1.194910313483578262e-01 4.345713299134570246e-02
2.997534246575342465e+01 4.000000000000000083e-02 2.281985962090016598e-02 3.968149279085311787e-01 1.196680764372613087e-01 4.337410954703344729e-02
2.996986301369863170e+01 4.000000000000000083e-02 2.287990526478995632e-02 3.967528087068318832e-01 1.195922418496497275e-01 4.341067171765931876e-02
2.996712328767123168e+01 4.000000000000000083e-02 2.291497187574584662e-02 3.967165430375081403e-01 1.195480770637800255e-01 4.343208702937207538e-02
2.996438356164383521e+01 4.000000000000000083e-02 2.280760290998454232e-02 3.968275671921382974e-01 1.196831375125224778e-01 4.336643039076507056e-02
2.996164383561643874e+01 4.000000000000000083e-02 2.253116689911432644e-02 3.971129942954677583e-01 1.200266183478627402e-01 4.319511522113898827e-02
2.995890410958904226e+01 4.000000000000000083e-02 2.254689151798162927e-02 3.970968708886395970e-01 1.200081170591988516e-01 4.320556809832058059e-02
2.995616438356164224e+01 4.000000000000000083e-02 2.286062794158879100e-02 3.967752486023981562e-01 1.196396015060108564e-01 4.341460131729864974e-02
2.995068493150684930e+01 4.000000000000000083e-02 2.283943813614814147e-02 3.967968396635741524e-01 1.196634307487519228e-01 4.339943463484485092e-02
2.994794520547945282e+01 4.000000000000000083e-02 2.288112446740357339e-02 3.967543649943762185e-01 1.196165598842281463e-01 4.342928115326971650e-02
2.994520547945205635e+01 4.000000000000000083e-02 2.277522272662021660e-02 3.968622565313135730e-01 1.197355339771361132e-01 4.335334154100357190e-02
2.994246575342465633e+01 4.000000000000000083e-02 2.277449175750638488e-02 3.968630007071982102e-01 1.197363511818277937e-01 4.335281255442417075e-02
2.993972602739725986e+01 4.000000000000000083e-02 2.268038210605814037e-02 3.969588098789299524e-01 1.198415572735887086e-01 4.328470005289589834e-02
2.993698630136986338e+01 4.000000000000000083e-02 2.278832713689989131e-02 3.968489941537365895e-01 1.197214728115593985e-01 4.336356795169883649e-02
2.993150684931506689e+01 4.000000000000000083e-02 2.284117214246414104e-02 3.967952860354235223e-01 1.196630731158404709e-01 4.340269372314335683e-02
2.992876712328767042e+01 4.000000000000000083e-02 2.300668822071076300e-02 3.966271142959910678e-01 1.194805065484571688e-01 4.352572054094100418e-02
2.992602739726027394e+01 4.000000000000000083e-02 2.321783087832689565e-02 3.956669401364047989e-01 1.160496639989646861e-01 5.069164177618434852e-02
2.992328767123287747e+01 4.000000000000000083e-02 2.315932580470042579e-02 3.957214429865041350e-01 1.160576070902893664e-01 5.056011203970769280e-02
2.992054794520548100e+01 4.000000000000000083e-02 2.319782444820770242e-02 3.956855168966924019e-01 1.160521656835624277e-01 5.064499830645862594e-02
2.991780821917808098e+01 4.000000000000000083e-02 2.335840711872700856e-02 3.950651792225488013e-01 1.158709319241027352e-01 6.218649008319503818e-02
2.990958904109589156e+01 4.000000000000000083e-02 2.334379917773073132e-02 3.950801438848532410e-01 1.158884835534449015e-01 6.217941433769635928e-02
2.990684931506849153e+01 4.000000000000000083e-02 2.353912576793317640e-02 3.946015073121096339e-01 1.132494251861889401e-01 6.072324213506585106e-02
2.990410958904109506e+01 4.000000000000000083e-02 2.361182869742281532e-02 3.945306784730296390e-01 1.131968970412249864e-01 6.079532932095856740e-02
2.990136986301369859e+01 4.000000000000000083e-02 2.350282805412930512e-02 3.946897348217020540e-01 1.176570608304687016e-01 7.332890930045299349e-02
2.989863013698630212e+01 4.000000000000000083e-02 2.363212778881763551e-02 3.945610800172329458e-01 1.175329927018132076e-01 7.341851838421478704e-02
2.989041095890410915e+01 4.000000000000000083e-02 2.362734629500246389e-02 3.945658404925717622e-01 1.175376071080334872e-01 7.341509979951180154e-02
2.988767123287671268e+01 4.000000000000000083e-02 2.332410128111271977e-02 3.939758830558872660e-01 1.135222226266953960e-01 8.157625745695999686e-02
2.988493150684931621e+01 4.000000000000000083e-02 2.322231426460495338e-02 3.940818560618587485e-01 1.136590758430647413e-01 8.151625973205686715e-02
2.988219178082191618e+01 4.000000000000000083e-02 2.318673023232993222e-02 3.941188956670138022e-01 1.137065427655432753e-01 8.149459818883181272e-02
2.987945205479451971e+01 4.000000000000000083e-02 2.293397724361916773e-02 3.943818985995442561e-01 1.140426235999539017e-01 8.134034782648948136e-02
2.987397260273972677e+01 4.000000000000000083e-02 2.293288767879102935e-02 3.943830254128993795e-01 1.140439959072902659e-01 8.133964934885008768e-02
2.987123287671233030e+01 4.000000000000000083e-02 2.285387080852584879e-02 3.944647425968908494e-01 1.141435073198805716e-01 8.128898945890181138e-02
2.986849315068493027e+01 4.000000000000000083e-02 2.307561289777407265e-02 3.942356009308740639e-01 1.138660707322314142e-01 8.143209781343156706e-02
2.986575342465753380e+01 4.000000000000000083e-02 2.289460210912320007e-02 3.944217703760894422e-01 1.140840875635556195e-01 8.131019280867909926e-02
2.986301369863013733e+01 4.000000000000000083e-02 2.266731063999152113e-02 3.946549225209944889e-01 1.143523566155192073e-01 8.115314211989613224e-02
2.986027397260274086e+01 4.000000000000000083e-02 2.274883772930054102e-02 3.945715990467337786e-01 1.142586862323791697e-01 8.121167107568534604e-02
2.985205479452054789e+01 4.000000000000000083e-02 2.283408826789385879e-02 3.944845074967275322e-01 1.141610388080142868e-01 8.127316116806408697e-02
2.984931506849315141e+01 4.000000000000000083e-02 2.286586395710329955e-02 3.944520624160958722e-01 1.141247764628461059e-01 8.129621225659516837e-02
2.984657534246575494e+01 4.000000000000000083e-02 2.257299349564514598e-02 3.947510311207492739e-01 1.144584278988995257e-01 8.108319918537471027e-02
2.984383561643835492e+01 4.000000000000000083e-02 2.264329074492130514e-02 3.946796458000125241e-01 1.143811747631653941e-01 8.113764755569884135e-02
2.984109589041095845e+01 4.000000000000000083e-02 2.283243227784685636e-02 3.944876278037497963e-01 1.141736857313152692e-01 8.128464646227311075e-02
2.983561643835616550e+01 4.000000000000000083e-02 2.286406138904453419e-02 3.944555731299803636e-01 1.141393803758044695e-01 8.130979775074752280e-02
2.983287671232876548e+01 4.000000000000000083e-02 2.291688312905500527e-02 3.944020431874799004e-01 1.140821066413294227e-01 8.135182796779674708e-02
2.983013698630136901e+01 4.000000000000000083e-02 2.272221357643800996e-02 3.945992898033185425e-01 1.142929537355602126e-01 8.119657988128871351e-02
2.982739726027397253e+01 4.000000000000000083e-02 2.270012907428457100e-02 3.946216222341079605e-01 1.143165700610852403e-01 8.117846775260062486e-02
2.982465753424657606e+01 4.000000000000000083e-02 2.269394899808910293e-02 3.946278715588902863e-01 1.143231779174146284e-01 8.117339775272125468e-02
