1.997260273972602418e+00 1.000000000000000000e+00 5.904191496984217274e-02 3.095808503809352116e-02 5.190419149418804556e-01 3.904191493654200068e-02
1.994520547945205280e+00 1.000000000000000000e+00 5.913283699642531144e-02 3.086716301155896167e-02 5.191328369682911559e-01 3.913283696292170488e-02
1.991780821917807920e+00 1.000000000000000000e+00 5.908639840831264589e-02 3.091360159963081611e-02 5.190863983803220005e-01 3.908639837498036063e-02
1.986301369863013644e+00 1.000000000000000000e+00 5.899482063718983899e-02 3.100517937062078483e-02 5.189948206096670624e-01 3.899482060441455955e-02
1.983561643835616506e+00 1.000000000000000000e+00 5.894296583773796228e-02 3.105703416994867044e-02 5.189429658106513576e-01 3.894296580548265579e-02
1.980821917808219146e+00 1.000000000000000000e+00 5.889247825280388010e-02 3.110752175468375555e-02 5.188924782264191515e-01 3.889247822138332256e-02
1.978082191780822008e+00 1.000000000000000000e+00 5.878487023381940429e-02 3.121512977296952290e-02 5.187848702098980525e-01 3.878487020533089719e-02
1.975342465753424870e+00 1.000000000000000000e+00 5.877376127731909206e-02 3.122623872935153741e-02 5.187737612538163567e-01 3.877376124932681994e-02
1.972602739726027510e+00 1.000000000000000000e+00 5.894475902252901273e-02 3.105524098749483375e-02 5.189447589872105970e-01 3.894475898046659973e-02
1.967123287671232790e+00 1.000000000000000000e+00 5.881133525076454038e-02 3.118866475627107143e-02 5.188113352259756672e-01 3.881133522124156215e-02
1.964383561643836096e+00 1.000000000000000000e+00 5.873953941560011716e-02 3.126046059019140649e-02 5.187395393951947931e-01 3.873953939129756718e-02
1.961643835616438292e+00 1.000000000000000000e+00 5.871781177190669998e-02 3.128218823343862504e-02 5.187178117530757415e-01 3.871781174947701992e-02
1.958904109589040710e+00 1.000000000000000000e+00 5.867151479704335593e-02 3.132848520747080756e-02 5.186715147811403748e-01 3.867151477810133742e-02
1.956164383561644016e+00 1.000000000000000000e+00 5.899768863298714833e-02 3.100231137836014644e-02 5.189976885930064343e-01 3.899768858537158017e-02
1.953424657534246878e+00 1.000000000000000000e+00 5.888441511825578262e-02 3.111558489130678701e-02 5.188844150845624004e-01 3.888441507812939735e-02
1.945205479452054798e+00 1.000000000000000000e+00 5.880325566925265895e-02 3.119674433889587165e-02 5.188032556405421936e-01 3.880325563505984676e-02
1.942465753424657215e+00 1.000000000000000000e+00 5.868642758014213506e-02 3.131357242585851297e-02 5.186864275589980755e-01 3.868642755496222441e-02
1.939726027397260300e+00 1.000000000000000000e+00 5.858323990919830221e-02 3.141676009506365330e-02 5.185832398941802035e-01 3.858323989131420134e-02
1.936986301369862939e+00 1.000000000000000000e+00 5.847242937843424165e-02 3.152757062372206487e-02 5.184724293708370402e-01 3.847242936938642666e-02
1.934246575342465579e+00 1.000000000000000000e+00 5.836175181948929230e-02 3.163824818079438023e-02 5.183617518184907569e-01 3.836175181829934444e-02
1.926027397260273943e+00 1.000000000000000000e+00 5.825402560606741942e-02 3.174597439221741452e-02 5.182540256121118682e-01 3.825402561326483181e-02
1.923287671232876805e+00 1.000000000000000000e+00 5.832775873316583398e-02 3.167224126650503707e-02 5.183277587343261272e-01 3.832775873454771082e-02
1.920547945205479667e+00 1.000000000000000000e+00 5.837473089292106315e-02 3.162526910773667127e-02 5.183747308906042628e-01 3.837473089016189137e-02
1.917808219178082085e+00 1.000000000000000000e+00 5.817718870242512968e-02 3.182281129415014814e-02 5.181771887144920319e-01 3.817718871679706694e-02
1.915068493150684947e+00 1.000000000000000000e+00 5.821643309660446547e-02 3.178356690074359003e-02 5.182164331059490037e-01 3.821643310773406577e-02
1.909589041095890449e+00 1.000000000000000000e+00 5.813111117779914266e-02 3.186888881790898159e-02 5.181311111929212121e-01 3.813111119581018282e-02
1.906849315068493089e+00 1.000000000000000000e+00 5.782566923547466375e-02 3.217433075219608418e-02 5.178256692789160454e-01 3.782566928721235733e-02
1.904109589041095951e+00 1.000000000000000000e+00 5.754018693182603311e-02 3.245981305145159007e-02 5.175401869907462205e-01 3.754018700199834857e-02
1.901369863013698369e+00 1.000000000000000000e+00 5.777929722825626835e-02 3.222070276007481249e-02 5.177792972693678886e-01 3.777929727722296321e-02
1.898630136986301231e+00 1.000000000000000000e+00 5.779082763334771750e-02 3.220917235526167544e-02 5.177908276734788373e-01 3.779082768114673530e-02
1.895890410958904093e+00 1.000000000000000000e+00 5.763122864574288240e-02 3.236877134027171810e-02 5.176312286950170982e-01 3.763122870443068313e-02
1.890410958904109595e+00 1.000000000000000000e+00 5.755574172624789570e-02 3.244425825837456145e-02 5.175557417804285132e-01 3.755574179077778019e-02
1.887671232876712013e+00 1.000000000000000000e+00 5.748980580034020182e-02 3.251019418299248148e-02 5.174898058590645666e-01 3.748980587028224315e-02
1.884931506849315097e+00 1.000000000000000000e+00 5.750908706096483775e-02 3.249091292275259335e-02 5.175090871183355423e-01 3.750908712929277439e-02
1.882191780821917515e+00 1.000000000000000000e+00 5.751861465276521257e-02 3.248138533113642534e-02 5.175186147094864575e-01 3.751861472031986500e-02
1.879452054794520821e+00 1.000000000000000000e+00 5.752261464667603186e-02 3.247738533730166327e-02 5.175226147031282142e-01 3.752261471391158537e-02
1.876712328767123239e+00 1.000000000000000000e+00 5.748908778282176002e-02 3.251091220046562619e-02 5.174890878417049978e-01 3.748908785295321927e-02
1.871232876712328741e+00 1.000000000000000000e+00 5.736013568397052564e-02 3.263986429736600442e-02 5.173601357497280562e-01 3.736013576228822131e-02
1.868493150684932047e+00 1.000000000000000000e+00 5.736679857253715320e-02 3.263320140896434213e-02 5.173667986377114003e-01 3.736679865016314522e-02
1.865753424657534465e+00 1.000000000000000000e+00 5.734037085686317925e-02 3.265962912415912300e-02 5.173403709237254233e-01 3.734037093649968803e-02
1.863013698630136883e+00 1.000000000000000000e+00 5.752468993630460020e-02 3.247531004829539575e-02 5.175246899905613374e-01 3.752469000092822915e-02
1.860273972602739967e+00 1.000000000000000000e+00 5.724352869350642081e-02 3.275647128601893304e-02 5.172435287656439451e-01 3.724352877942430085e-02
1.857534246575342385e+00 1.000000000000000000e+00 5.729243610141971504e-02 3.270756387880347643e-02 5.172924361710986574e-01 3.729243618440941654e-02
1.852054794520548109e+00 1.000000000000000000e+00 5.707531780096476021e-02 3.292468217530176294e-02 5.170753178845834963e-01 3.707531790055734744e-02
1.849315068493150749e+00 1.000000000000000000e+00 5.708089959729993612e-02 3.291910037907432723e-02 5.170808996805389413e-01 3.708089969644003114e-02
1.846575342465753167e+00 1.000000000000000000e+00 5.718082863831919910e-02 3.281917133974555228e-02 5.171808287156008932e-01 3.718082873036546165e-02
1.843835616438356473e+00 1.000000000000000000e+00 5.759398771191455435e-02 3.148055723714856396e-02 5.099041451540687886e-01 3.577183055677842644e-02
1.841095890410958891e+00 1.000000000000000000e+00 5.758605276912490828e-02 3.148855391054510705e-02 5.098969232245200711e-01 3.576403077085085064e-02
1.838356164383561531e+00 1.000000000000000000e+00 5.773417644798692350e-02 3.133966887071319013e-02 5.100357857578642351e-01 3.591046535665399358e-02
1.832876712328767033e+00 1.000000000000000000e+00 5.760198187487922117e-02 3.147209064748056340e-02 5.099065393845618743e-01 3.577878274469566133e-02
1.830136986301369895e+00 1.000000000000000000e+00 5.759018645857016949e-02 3.148389312725213135e-02 5.098948376946481620e-01 3.576700332787371289e-02
1.827397260273972313e+00 1.000000000000000000e+00 5.749749776929276995e-02 3.157660405511675261e-02 5.098024463851931198e-01 3.567436510648171882e-02
1.824657534246575619e+00 1.000000000000000000e+00 5.741201797318198213e-02 3.166209219641021033e-02 5.097170785451763386e-01 3.558890426856808897e-02
1.821917808219178037e+00 1.000000000000000000e+00 5.729301176074083624e-02 3.178110227976284341e-02 5.095981243572962338e-01 3.546990686150335720e-02
1.819178082191780899e+00 1.000000000000000000e+00 5.737271097373621703e-02 3.170140222827356330e-02 5.096778122796761235e-01 3.554960416108824545e-02
1.813698630136986401e+00 1.000000000000000000e+00 5.734779214824504284e-02 3.172632118468293738e-02 5.096528952219622211e-01 3.552468563615063246e-02
1.810958904109589040e+00 1.000000000000000000e+00 5.721916622599140106e-02 3.185494728887076216e-02 5.095242717818968536e-01 3.539606014124532796e-02
1.808219178082191902e+00 1.000000000000000000e+00 5.724141082833014010e-02 3.183270267436710127e-02 5.095465162140374593e-01 3.541830471339933034e-02
1.805479452054794320e+00 1.000000000000000000e+00 5.721416492494554862e-02 3.185994858397196011e-02 5.095192704031986652e-01 3.539105882755340382e-02
1.802739726027396738e+00 1.000000000000000000e+00 5.710586547138259139e-02 3.196824804526446351e-02 5.094109710892615883e-01 3.528275940517366233e-02
1.800000000000000044e+00 1.000000000000000000e+00 5.710479374501669508e-02 3.196931977164108735e-02 5.094098993633701111e-01 3.528168767895750735e-02
1.794520547945205546e+00 1.000000000000000000e+00 5.703283871926949355e-02 3.204127479686753183e-02 5.093379443533422313e-01 3.520973266068903873e-02
1.791780821917808186e+00 1.000000000000000000e+00 5.695556226076427947e-02 3.211855125421127222e-02 5.092606679052568142e-01 3.513245620946950365e-02
1.789041095890411048e+00 1.000000000000000000e+00 5.677792134301073296e-02 3.229619216872515325e-02 5.090830270040881400e-01 3.495481530728104802e-02
1.786301369863013688e+00 1.000000000000000000e+00 5.666148749268534734e-02 3.241262601706776381e-02 5.089665931618032602e-01 3.483838146567706101e-02
1.783561643835616328e+00 1.000000000000000000e+00 5.669662804507998033e-02 3.237748546537097538e-02 5.090017337115942953e-01 3.487352201508801819e-02
1.775342465753424692e+00 1.000000000000000000e+00 5.647002296672303662e-02 3.260409053839563587e-02 5.087751286524646588e-01 3.464691695927368115e-02
1.772602739726027110e+00 1.000000000000000000e+00 5.650862860835570434e-02 3.256548489743243957e-02 5.088137342917190553e-01 3.468552259809002530e-02
1.769863013698630194e+00 1.000000000000000000e+00 5.659319273894680702e-02 3.248092076828557745e-02 5.088982984172121249e-01 3.477008672261738126e-02
1.767123287671232834e+00 1.000000000000000000e+00 5.668503269381375276e-02 3.238908081492274799e-02 5.089901383667743140e-01 3.486192667117089805e-02
1.764383561643835696e+00 1.000000000000000000e+00 5.676419795471545487e-02 3.230991555547092775e-02 5.090693036225644175e-01 3.494109192598789104e-02
1.761643835616438336e+00 1.000000000000000000e+00 5.678305895063306963e-02 3.229105455991252566e-02 5.090881646172175090e-01 3.495995292039841967e-02
1.756164383561643838e+00 1.000000000000000000e+00 5.670046714165716262e-02 3.237364636741380669e-02 5.090055728134385005e-01 3.487736111761017416e-02
1.753424657534246478e+00 1.000000000000000000e+00 5.669668177127298175e-02 3.149009136878698489e-02 5.014830170292705613e-01 3.311522114109875792e-02
1.750684931506849118e+00 1.000000000000000000e+00 5.655676287390755397e-02 3.163110553538057285e-02 5.013555018854281009e-01 3.297768688584968438e-02
1.747945205479451980e+00 1.000000000000000000e+00 5.647008348497114388e-02 3.171801702194596007e-02 5.012717711330493264e-01 3.289152786552072133e-02
1.745205479452054842e+00 1.000000000000000000e+00 5.649351346177049205e-02 3.169456711529037435e-02 5.012949393069940918e-01 3.291491280510620149e-02
1.742465753424657704e+00 1.000000000000000000e+00 5.651831275400347188e-02 3.166975752394950855e-02 5.013196013960862230e-01 3.293968874673752767e-02
1.736986301369862984e+00 1.000000000000000000e+00 5.646465138057153027e-02 3.172342836478155015e-02 5.012660668071313719e-01 3.288604886751116119e-02
1.734246575342465846e+00 1.000000000000000000e+00 5.635571894269545551e-02 3.183236623226169681e-02 5.011572072990736482e-01 3.277712877238068978e-02
1.731506849315068486e+00 1.000000000000000000e+00 5.638178515058828860e-02 3.180629957041756356e-02 5.011832673999550014e-01 3.280319394610155953e-02
1.728767123287671126e+00 1.000000000000000000e+00 5.614892600351483604e-02 3.203916113423229545e-02 5.009504408170560863e-01 3.257034032183044048e-02
1.726027397260273988e+00 1.000000000000000000e+00 5.611936621607716003e-02 3.206872100414162596e-02 5.009208821471826667e-01 3.254078072521620485e-02
1.723287671232876628e+00 1.000000000000000000e+00 5.599944777989254024e-02 3.218863955446357034e-02 5.008009652796775457e-01 3.242086256149893236e-02
1.717808219178081908e+00 1.000000000000000000e+00 5.593149094112889047e-02 3.225659642354124224e-02 5.007330088717433236e-01 3.235290580051183862e-02
1.715068493150684992e+00 1.000000000000000000e+00 5.571889942101533599e-02 3.246918798025949515e-02 5.005204179236116824e-01 3.214031439404312074e-02
1.712328767123287632e+00 1.000000000000000000e+00 5.566482717588526474e-02 3.252326022725075816e-02 5.004663457204192589e-01 3.208624215959289538e-02
1.709589041095890494e+00 1.000000000000000000e+00 5.559659763410924882e-02 3.259148976903945838e-02 5.003981161993834581e-01 3.201801262568851336e-02
1.706849315068493134e+00 1.000000000000000000e+00 5.547237528772183679e-02 3.271571211417777236e-02 5.002738938700024285e-01 3.189379028934796745e-02
1.704109589041095996e+00 1.000000000000000000e+00 5.551572141703869229e-02 3.267236598557955035e-02 5.003172399946377302e-01 3.193713641482992527e-02
1.698630136986301276e+00 1.000000000000000000e+00 5.540068027417805602e-02 3.278740712641166344e-02 5.002021988608545966e-01 3.182209528121767578e-02
1.695890410958903916e+00 1.000000000000000000e+00 5.542199581484906490e-02 3.276609158609496836e-02 5.002235144002332712e-01 3.184341082038581044e-02
1.693150684931506778e+00 1.000000000000000000e+00 5.546162031353916305e-02 3.272646708806422472e-02 5.002631388965296244e-01 3.188303531628182419e-02
1.690410958904109640e+00 1.000000000000000000e+00 5.546626997086850225e-02 3.272181743078292349e-02 5.002677885537559765e-01 3.188768497343523467e-02
1.687671232876712502e+00 1.000000000000000000e+00 5.539266665249727162e-02 3.279542074761316456e-02 5.001941852408425815e-01 3.181408166154139211e-02
1.684931506849315141e+00 1.000000000000000000e+00 5.528053396922725377e-02 3.290755342874158995e-02 5.000820525651313853e-01 3.170194898726332727e-02
1.679452054794520643e+00 1.000000000000000000e+00 5.519518221089583787e-02 3.299290518558973401e-02 4.999967008120284606e-01 3.161659723515722331e-02
1.676712328767123283e+00 1.000000000000000000e+00 5.511887726477517069e-02 3.306921013021945494e-02 4.999203958711616602e-01 3.154029229529330125e-02
1.673972602739725923e+00 1.000000000000000000e+00 5.492254141710666004e-02 3.326554597360108917e-02 4.997240600385985942e-01 3.134395646561376897e-02
1.671232876712328785e+00 1.000000000000000000e+00 5.489340528169535383e-02 3.329468210845434872e-02 4.996949239051540759e-01 3.131482033254465169e-02
1.668493150684931425e+00 1.000000000000000000e+00 5.476920172122777541e-02 3.341888566679094424e-02 4.995707203521942974e-01 3.119061678101905932e-02
1.665753424657534509e+00 1.000000000000000000e+00 5.473389404944904030e-02 3.345419333787048866e-02 4.995354126828793762e-01 3.115530911217443896e-02
1.657534246575342429e+00 1.000000000000000000e+00 5.458045018408758803e-02 3.360763720061784449e-02 4.993819688267288615e-01 3.100186525778251753e-02
1.654794520547945291e+00 1.000000000000000000e+00 5.459635504324381050e-02 3.359173234177108280e-02 4.993978736847951572e-01 3.101777011564056663e-02
1.652054794520547931e+00 1.000000000000000000e+00 5.464903234705258822e-02 3.353905503895043133e-02 4.994505509851221436e-01 3.107044741530284176e-02
1.649315068493150793e+00 1.000000000000000000e+00 5.460388726943198739e-02 3.358420011573955838e-02 4.994054059104306442e-01 3.102530234117124863e-02
1.646575342465753433e+00 1.000000000000000000e+00 5.459188238353940986e-02 3.359620500142759814e-02 4.993934010252581990e-01 3.101329745613693942e-02
1.641095890410958935e+00 1.000000000000000000e+00 5.449195427532044916e-02 3.369613310787886867e-02 4.992934729232677005e-01 3.091336935533584365e-02
1.638356164383561575e+00 1.000000000000000000e+00 5.455132910454558309e-02 3.363675827994708212e-02 4.993528477479359240e-01 3.097274417913377029e-02
1.635616438356164437e+00 1.000000000000000000e+00 5.442067541322827967e-02 3.376741196861129252e-02 4.992221940659673507e-01 3.084209049894923171e-02
1.632876712328767077e+00 1.000000000000000000e+00 5.442209777848885932e-02 3.376598960337551247e-02 4.992236164311400493e-01 3.084351286410544693e-02
1.630136986301369939e+00 1.000000000000000000e+00 5.445155367029395205e-02 3.373653371212414348e-02 4.992530723209943622e-01 3.087296875358756451e-02
1.627397260273972579e+00 1.000000000000000000e+00 5.499872234079948574e-02 3.144255330193802822e-02 4.862158234422872538e-01 2.804764031287920734e-02
1.621917808219178081e+00 1.000000000000000000e+00 5.492096289322315195e-02 3.152154248196085973e-02 4.861504876327449876e-01 2.797247562229875778e-02
1.619178082191780721e+00 1.000000000000000000e+00 5.527008981081080879e-02 3.116858241898680035e-02 4.864566361118207172e-01 2.831327155398885229e-02
1.616438356164383583e+00 1.000000000000000000e+00 5.559876174218521955e-02 3.083898107374831096e-02 4.867734976337734221e-01 2.863985954711769852e-02
1.613698630136986223e+00 1.000000000000000000e+00 5.540113272408685868e-02 3.103686154167688629e-02 4.865791645970728996e-01 2.844279846696178352e-02
1.610958904109589085e+00 1.000000000000000000e+00 5.521757832839997021e-02 3.122053509507384528e-02 4.863971870547030285e-01 2.825951381053216568e-02
1.608219178082191503e+00 1.000000000000000000e+00 5.511265489314980809e-02 3.132547569021339184e-02 4.862924934705791236e-01 2.815462933562481659e-02
1.600000000000000089e+00 1.000000000000000000e+00 5.495205439917456164e-02 3.148608722676814187e-02 4.861320412000731395e-01 2.799405393529662972e-02
1.597260273972602729e+00 1.000000000000000000e+00 5.496597996144712839e-02 3.147216125125081032e-02 4.861459612067383640e-01 2.800797855715679227e-02
1.594520547945205369e+00 1.000000000000000000e+00 5.470737667463802106e-02 3.173076892452521974e-02 4.858874169810972754e-01 2.774938527932954008e-02
1.591780821917808231e+00 1.000000000000000000e+00 5.460149043809529867e-02 3.183665542544202032e-02 4.857815343267211650e-01 2.764349965435776782e-02
1.589041095890410871e+00 1.000000000000000000e+00 5.463874947134057802e-02 3.179939635028182499e-02 4.858187927853143684e-01 2.768075858808539264e-02
1.583561643835616373e+00 1.000000000000000000e+00 5.451928648773116809e-02 3.191885938054623423e-02 4.856993304640698228e-01 2.756129572390871377e-02
1.580821917808219235e+00 1.000000000000000000e+00 5.452148867895827838e-02 3.191665718904170695e-02 4.857015326509078190e-01 2.756349791425381432e-02
1.578082191780822097e+00 1.000000000000000000e+00 5.444940014592301175e-02 3.198874572442137604e-02 4.856294441711208609e-01 2.749140939483160281e-02
1.575342465753424737e+00 1.000000000000000000e+00 5.435699395911383625e-02 3.208115191140745170e-02 4.855370380132149055e-01 2.739900321853719345e-02
1.572602739726027377e+00 1.000000000000000000e+00 5.420806080018089612e-02 3.223008506890018277e-02 4.853881048787566654e-01 2.725007007304404080e-02
1.569863013698630239e+00 1.000000000000000000e+00 5.403785523184602424e-02 3.240029063471694393e-02 4.852178993295103715e-01 2.707986451917059056e-02
1.561643835616438380e+00 1.000000000000000000e+00 5.394424842203235371e-02 3.249389744303753103e-02 4.851242925264325212e-01 2.698625771618442387e-02
1.558904109589041020e+00 1.000000000000000000e+00 5.384269945641607241e-02 3.259544640671892951e-02 4.850227435684101862e-01 2.688470875898344575e-02
1.556164383561644105e+00 1.000000000000000000e+00 5.383743950973015474e-02 3.260070635330924310e-02 4.850174836220776942e-01 2.687944881270469891e-02
1.553424657534246300e+00 1.000000000000000000e+00 5.388769434880132797e-02 3.255045151515616186e-02 4.850677384578676588e-01 2.692970364790634591e-02
1.550684931506849384e+00 1.000000000000000000e+00 5.393812927153340125e-02 3.250001659332226595e-02 4.851181733774181382e-01 2.698013856686307804e-02
1.545205479452054886e+00 1.000000000000000000e+00 5.378199006111799435e-02 3.265615580082106145e-02 4.849620341772988841e-01 2.682399936869381274e-02
1.542465753424657526e+00 1.000000000000000000e+00 5.383037060034594895e-02 3.260777526238321095e-02 4.850104147137412891e-01 2.687237990460624587e-02
1.539726027397260166e+00 1.000000000000000000e+00 5.377552483086121826e-02 3.266262103075510265e-02 4.849555689481796494e-01 2.681753413979181058e-02
1.536986301369863028e+00 1.000000000000000000e+00 5.402371522723482117e-02 3.241443064075313907e-02 4.852037593221002476e-01 2.706572450942756197e-02
1.534246575342465668e+00 1.000000000000000000e+00 5.390259729198771527e-02 3.253554857391201260e-02 4.850826413942118109e-01 2.694460658294315844e-02
1.531506849315068308e+00 1.000000000000000000e+00 5.372330358753377860e-02 3.271484227477964440e-02 4.849033477023941274e-01 2.676531289353810059e-02
1.526027397260274032e+00 1.000000000000000000e+00 5.362006066526577019e-02 3.281808519482350139e-02 4.848001047879629821e-01 2.666206998060367123e-02
1.523287671232876894e+00 1.000000000000000000e+00 5.358969190347723927e-02 3.284845395596305145e-02 4.847697360284614065e-01 2.663170122153819819e-02
1.520547945205479534e+00 1.000000000000000000e+00 5.362993321689814297e-02 3.280821264330325421e-02 4.848099773391998379e-01 2.667194253176503882e-02
1.517808219178082174e+00 1.000000000000000000e+00 5.353978305202216487e-02 3.289836280635331095e-02 4.847198271807578451e-01 2.658179237455094227e-02
1.515068493150685036e+00 1.000000000000000000e+00 5.335154676262740536e-02 3.308659909185173581e-02 4.845315909050915137e-01 2.639355610150616663e-02
1.512328767123287676e+00 1.000000000000000000e+00 5.318086112477482530e-02 3.325728472647088846e-02 4.843609052786317370e-01 2.622287047722169154e-02
1.506849315068493178e+00 1.000000000000000000e+00 5.305609280380884502e-02 3.338205304529975187e-02 4.842361369651956848e-01 2.609810216522356202e-02
1.504109589041095818e+00 1.000000000000000000e+00 5.306861268204259713e-02 3.336953316727818419e-02 4.842486568426819238e-01 2.611062204256667588e-02
1.501369863013698902e+00 1.000000000000000000e+00 5.298055723541930662e-02 3.345758861240111237e-02 4.841606014013449810e-01 2.602256660223902646e-02
1.498630136986301098e+00 1.000000000000000000e+00 5.284520374040322516e-02 3.359294210519292445e-02 4.840252479141662900e-01 2.588721311655653445e-02
1.495890410958904182e+00 1.000000000000000000e+00 5.266278268797999762e-02 3.377536315390342048e-02 4.838428268748258265e-01 2.570479207971321234e-02
1.493150684931506822e+00 1.000000000000000000e+00 5.276721400329392742e-02 3.367093184034546105e-02 4.839472581839511789e-01 2.580922338765813048e-02
1.487671232876712324e+00 1.000000000000000000e+00 5.254033127874498110e-02 3.389781456076018662e-02 4.837203754739695660e-01 2.558234068045713364e-02
1.484931506849314964e+00 1.000000000000000000e+00 5.250404184407572727e-02 3.393410399482762324e-02 4.836840860414205467e-01 2.554605124831355392e-02
1.482191780821917826e+00 1.000000000000000000e+00 5.261343737578578345e-02 3.382470846513280921e-02 4.837934815660291932e-01 2.565544677156722519e-02
1.479452054794520466e+00 1.000000000000000000e+00 5.260318392403460358e-02 3.383496191668329545e-02 4.837832281149852531e-01 2.564519332065794480e-02
1.476712328767123106e+00 1.000000000000000000e+00 5.250957866273490288e-02 3.392856717594894961e-02 4.836896228608535964e-01 2.555158806789357973e-02
1.473972602739725968e+00 1.000000000000000000e+00 5.265780893520576739e-02 3.378033690622574137e-02 4.838378531236438018e-01 2.569981832883477813e-02
1.468493150684931692e+00 1.000000000000000000e+00 5.257754506916638426e-02 3.386060077091337939e-02 4.837575892623680596e-01 2.561955446846826689e-02
1.465753424657534332e+00 1.000000000000000000e+00 5.248027023730521962e-02 3.395787560084915363e-02 4.836603144372905172e-01 2.552227964468640337e-02
1.463013698630136972e+00 1.000000000000000000e+00 5.243271616041206978e-02 3.400542967686832896e-02 4.836127603634770566e-01 2.547472557146062896e-02
1.460273972602739834e+00 1.000000000000000000e+00 5.234749630622156924e-02 3.409064952953214794e-02 4.835275405146667871e-01 2.538950572367660447e-02
1.457534246575342474e+00 1.000000000000000000e+00 5.239122235989245036e-02 3.341074786024757909e-02 4.778033719059093243e-01 2.414917866865732080e-02
1.454794520547945114e+00 1.000000000000000000e+00 5.232258687621266224e-02 3.347957241571024312e-02 4.777371353295078449e-01 2.408096695725145051e-02
1.449315068493150616e+00 1.000000000000000000e+00 5.245585723252930294e-02 3.334632006224574202e-02 4.778706116124132319e-01 2.421427676243927823e-02
1.446575342465753700e+00 1.000000000000000000e+00 5.210356025993856388e-02 3.369879942956002794e-02 4.775207414299535436e-01 2.386239320081761858e-02
1.443835616438355895e+00 1.000000000000000000e+00 5.208897381206614718e-02 3.371338887091841763e-02 4.775061950458536209e-01 2.384781354809027698e-02
1.441095890410958980e+00 1.000000000000000000e+00 5.205079153591322255e-02 3.375157400070830788e-02 4.774680510762745467e-01 2.380963775695836560e-02
1.438356164383561620e+00 1.000000000000000000e+00 5.187106907163268471e-02 3.393129929394481104e-02 4.772883666684643034e-01 2.362992173752859193e-02
1.435616438356164482e+00 1.000000000000000000e+00 5.187513196434073715e-02 3.392723638092007971e-02 4.772924292868184759e-01 2.363398458358683882e-02
1.430136986301369761e+00 1.000000000000000000e+00 5.177288167944638086e-02 3.402948705029280180e-02 4.771901842066356147e-01 2.353173518629766980e-02
1.427397260273972623e+00 1.000000000000000000e+00 5.178244027896362900e-02 3.401992843887629431e-02 4.771997426429610001e-01 2.354129375754204084e-02
1.424657534246575263e+00 1.000000000000000000e+00 5.168266423634496065e-02 3.411970452130434761e-02 4.770999671675996701e-01 2.344151781762558034e-02
1.421917808219177903e+00 1.000000000000000000e+00 5.167600735363642867e-02 3.412636140481326019e-02 4.770933102977421014e-01 2.343486093753337565e-02
1.419178082191780765e+00 1.000000000000000000e+00 5.156374430814991000e-02 3.423862445232794122e-02 4.769810473136811280e-01 2.332259790967975560e-02
1.416438356164383627e+00 1.000000000000000000e+00 5.158955001956255781e-02 3.421281874089427549e-02 4.770068530168756205e-01 2.334840361801913955e-02
1.410958904109589129e+00 1.000000000000000000e+00 5.144124872843924140e-02 3.436112003050134645e-02 4.768585517476962576e-01 2.320010233958757356e-02
1.408219178082191769e+00 1.000000000000000000e+00 5.147382155540151938e-02 3.432854720409126564e-02 4.768911245709731572e-01 2.323267516356977702e-02
1.405479452054794631e+00 1.000000000000000000e+00 5.149202770029097376e-02 3.431034105953495450e-02 4.769093307143572602e-01 2.325088130693539826e-02
1.402739726027397271e+00 1.000000000000000000e+00 5.143925881207012801e-02 3.436310994672647084e-02 4.768565618301377484e-01 2.319811242317647640e-02
1.399999999999999911e+00 1.000000000000000000e+00 5.141037578522784923e-02 3.439199297297519664e-02 4.768276788054679471e-01 2.316922939885599983e-02
1.397260273972602773e+00 1.000000000000000000e+00 5.128979200930550153e-02 3.451257674692291555e-02 4.767070950365896453e-01 2.304864563125263305e-02
1.389041095890410915e+00 1.000000000000000000e+00 5.107460560619601214e-02 3.472776314495022026e-02 4.764919086514877722e-01 2.283345924950771350e-02
1.386301369863013777e+00 1.000000000000000000e+00 5.110777824311805995e-02 3.469459050859575316e-02 4.765250812864059715e-01 2.286663188404636227e-02
1.383561643835616417e+00 1.000000000000000000e+00 5.114446990191272996e-02 3.465789885044509577e-02 4.765617729429291183e-01 2.290332354013772595e-02
1.380821917808219279e+00 1.000000000000000000e+00 5.108111502115250668e-02 3.472125373013658367e-02 4.764984180659346258e-01 2.283996866386247410e-02
1.378082191780821919e+00 1.000000000000000000e+00 5.110359706676080582e-02 3.469877168497716158e-02 4.765209001099605102e-01 2.286245070758687742e-02
1.372602739726027421e+00 1.000000000000000000e+00 5.115070433376987108e-02 3.402325119194339609e-02 4.708603024814913551e-01 2.164059194961828747e-02
1.369863013698630061e+00 1.000000000000000000e+00 5.104430501207884302e-02 3.412993093753999285e-02 4.707574680035113701e-01 2.153482143933779791e-02
1.367123287671232923e+00 1.000000000000000000e+00 5.132050726448658673e-02 3.385318304065175476e-02 4.710265600986034418e-01 2.180979294849841321e-02
1.364383561643835563e+00 1.000000000000000000e+00 5.126880704376701042e-02 3.390489974692274810e-02 4.709750799539914601e-01 2.175813012291265974e-02
1.361643835616438425e+00 1.000000000000000000e+00 5.127225511848234468e-02 3.390145106911655187e-02 4.709785199520791221e-01 2.176157682839962443e-02
1.358904109589041065e+00 1.000000000000000000e+00 5.116901781210380501e-02 3.400469585827892854e-02 4.708753831115998212e-01 2.165835652814219331e-02
1.353424657534246567e+00 1.000000000000000000e+00 5.099203480331359478e-02 3.371116036828713386e-02 4.723457100251759466e-01 2.158010992894372759e-02
1.350684931506849207e+00 1.000000000000000000e+00 5.103237745262442782e-02 3.367209591476658104e-02 4.723809689757249020e-01 2.162019374897343818e-02
1.347945205479452069e+00 1.000000000000000000e+00 5.096120493839033372e-02 3.374229552653550124e-02 4.723140107485134798e-01 2.154921389126071216e-02
1.345205479452054709e+00 1.000000000000000000e+00 5.095639555969873336e-02 3.374708251082604582e-02 4.723093028478173028e-01 2.154440890027440811e-02
1.342465753424657571e+00 1.000000000000000000e+00 5.090986743025221334e-02 3.379353070618337784e-02 4.722631428634700423e-01 2.149789637690407984e-02
1.339726027397260211e+00 1.000000000000000000e+00 5.093165729958087917e-02 3.377175458717274897e-02 4.722848690299836227e-01 2.151968356412798516e-02
1.334246575342465491e+00 1.000000000000000000e+00 5.097381725865328395e-02 3.321342980741093937e-02 4.662392762726036977e-01 2.051881426794785468e-02
1.331506849315068575e+00 1.000000000000000000e+00 5.087509121752137320e-02 3.331228296375576825e-02 4.661429436329881382e-01 2.042038754427449865e-02
1.328767123287671215e+00 1.000000000000000000e+00 5.086288052067109572e-02 3.332450138922204985e-02 4.661308826208286904e-01 2.040819513366113822e-02
1.326027397260274077e+00 1.000000000000000000e+00 5.060152607644063244e-02 3.358592887492314882e-02 4.658709576286627074e-01 2.014701382722517906e-02
1.323287671232876717e+00 1.000000000000000000e+00 5.049646095551553471e-02 3.369100017389725643e-02 4.657660140743684618e-01 2.004196337251053228e-02
1.320547945205479357e+00 1.000000000000000000e+00 5.052613381013892208e-02 3.366132652657580909e-02 4.657956713027001650e-01 2.007163434307099315e-02
1.315068493150684859e+00 1.000000000000000000e+00 5.041642319266124300e-02 3.377103828733608176e-02 4.656859832641098151e-01 1.996192645104756871e-02
1.312328767123287498e+00 1.000000000000000000e+00 5.034561620462964238e-02 3.384184558008358074e-02 4.656151823160245007e-01 1.989112019494291075e-02
1.309589041095890360e+00 1.000000000000000000e+00 5.029452403029993635e-02 3.389293786527921432e-02 4.655640923558546640e-01 1.984002829125204245e-02
1.306849315068493222e+00 1.000000000000000000e+00 5.046246370398746461e-02 3.372499808588024645e-02 4.657320298608707554e-01 2.000796769178145307e-02
1.304109589041096084e+00 1.000000000000000000e+00 5.045035521551451130e-02 3.373710657707625071e-02 4.657199214326490089e-01 1.999585921149962808e-02
1.301369863013698724e+00 1.000000000000000000e+00 5.040816166460664050e-02 3.377930013141423882e-02 4.656777279722070784e-01 1.995366567474575817e-02
1.293150684931506866e+00 1.000000000000000000e+00 5.041356344370231252e-02 3.377389835200075852e-02 4.656831297422460159e-01 1.995906745235219437e-02
1.290410958904109506e+00 1.000000000000000000e+00 5.031864268213365188e-02 3.386881911270222395e-02 4.655882090074970336e-01 1.986414670028681731e-02
1.287671232876712368e+00 1.000000000000000000e+00 5.025506235051556414e-02 3.393239944329938529e-02 4.655246286864249128e-01 1.980056637432058009e-02
1.284931506849315008e+00 1.000000000000000000e+00 5.042442475636770699e-02 3.376303704076082102e-02 4.656939910716205722e-01 1.996992876540085865e-02
1.282191780821918092e+00 1.000000000000000000e+00 5.042861580313609537e-02 3.375884599408478237e-02 4.656981821179234093e-01 1.997411981178688622e-02
1.276712328767123372e+00 1.000000000000000000e+00 5.032010781858206605e-02 3.386735397662996722e-02 4.655896741422799190e-01 1.986561183523704449e-02
1.273972602739726012e+00 1.000000000000000000e+00 5.028606263031800555e-02 3.390139916430938427e-02 4.655556289565598860e-01 1.983156664928917637e-02
1.271232876712328874e+00 1.000000000000000000e+00 5.023579072583059246e-02 3.395167106775790616e-02 4.655053570565491627e-01 1.978129474890667414e-02
1.268493150684931514e+00 1.000000000000000000e+00 5.039748454653268650e-02 3.338762024756215807e-02 4.607885579500354267e-01 1.912598728577219812e-02
1.265753424657534154e+00 1.000000000000000000e+00 5.041776994707135306e-02 3.336731556341576699e-02 4.608084934669025023e-01 1.914622928336127267e-02
1.263013698630137016e+00 1.000000000000000000e+00 5.024665885473277721e-02 3.353849500430224756e-02 4.606386421461876601e-01 1.897527244987786549e-02
1.257534246575342296e+00 1.000000000000000000e+00 5.021227305207578290e-02 3.357288485592418298e-02 4.606043316252806386e-01 1.894089580111591939e-02
1.254794520547945158e+00 1.000000000000000000e+00 5.016799167406939264e-02 3.361716903743765944e-02 4.605601024690508805e-01 1.889662076622211292e-02
1.252054794520548020e+00 1.000000000000000000e+00 5.007479305024820082e-02 3.371036969505394887e-02 4.604669418034973982e-01 1.880342675253408868e-02
1.249315068493150882e+00 1.000000000000000000e+00 4.999235627059608195e-02 3.379280712764956562e-02 4.603845172397854624e-01 1.872099145967948478e-02
1.246575342465753522e+00 1.000000000000000000e+00 4.987959055878912751e-02 3.390557318347196814e-02 4.602717579989880625e-01 1.860822654040970164e-02
1.243835616438356162e+00 1.000000000000000000e+00 4.994058832207066284e-02 3.384457538497934181e-02 4.603327550800485057e-01 1.866922421720217107e-02
1.238356164383561664e+00 1.000000000000000000e+00 4.983525083423637897e-02 3.394991290378414350e-02 4.602274182137391922e-01 1.856388681124657852e-02
1.235616438356164304e+00 1.000000000000000000e+00 4.983768192025857247e-02 3.394748181745527865e-02 4.602298492929045026e-01 1.856631789626740636e-02
1.232876712328767166e+00 1.000000000000000000e+00 4.979076995521707072e-02 3.399439378419331220e-02 4.601829373825014335e-01 1.851940594128225967e-02
1.230136986301369806e+00 1.000000000000000000e+00 4.986516664380425540e-02 3.391999709595205220e-02 4.602573340457343232e-01 1.859380262204620576e-02
1.227397260273972890e+00 1.000000000000000000e+00 4.984859171632195080e-02 3.393657202322963862e-02 4.602407591212401838e-01 1.857722769594270448e-02
1.224657534246575308e+00 1.000000000000000000e+00 4.974989513153467435e-02 3.403526860586385955e-02 4.601420625539324738e-01 1.847853112188262148e-02
1.219178082191780810e+00 1.000000000000000000e+00 4.970335323420082413e-02 3.408181050240457338e-02 4.600955206607818537e-01 1.843198922789058072e-02
1.216438356164383672e+00 1.000000000000000000e+00 4.965453237931388014e-02 3.413063135623593120e-02 4.600466998108781458e-01 1.838316837729224440e-02
1.213698630136986312e+00 1.000000000000000000e+00 4.957253671879723739e-02 3.421262701504492604e-02 4.599647041579265627e-01 1.830117272357919406e-02
1.210958904109588952e+00 1.000000000000000000e+00 4.950207416966047325e-02 3.428308956275816222e-02 4.598942416149536805e-01 1.823071018007544133e-02
1.208219178082191814e+00 1.000000000000000000e+00 4.943291777910180373e-02 3.334801141999097635e-02 4.497655202142229469e-01 1.620333869240888139e-02
1.199999999999999956e+00 1.000000000000000000e+00 4.928752047591633545e-02 3.349506891235860817e-02 4.496435175913905957e-01 1.606149985972049263e-02
1.197260273972602818e+00 1.000000000000000000e+00 4.929696420661279499e-02 3.348560840926234627e-02 4.496526631408404029e-01 1.607090597003727611e-02
1.194520547945205680e+00 1.000000000000000000e+00 4.920987032256286808e-02 3.357285227858101267e-02 4.495682325331509799e-01 1.598414840661322583e-02
1.191780821917808320e+00 1.000000000000000000e+00 4.916837040331906161e-02 3.361438264315405600e-02 4.495272878258932958e-01 1.594271707352817175e-02
1.189041095890410960e+00 1.000000000000000000e+00 4.942998652249334240e-02 3.335273341851277551e-02 4.497882893120405678e-01 1.620425836348770438e-02
1.186301369863013599e+00 1.000000000000000000e+00 4.919405602906232189e-02 3.358868726589391701e-02 4.495527932898123469e-01 1.596838068125023755e-02
1.180821917808219101e+00 1.000000000000000000e+00 4.915000944305243646e-02 3.363273518164424519e-02 4.495087715055334776e-01 1.592433710655950796e-02
1.178082191780821963e+00 1.000000000000000000e+00 4.906272161568060730e-02 3.372002453323000304e-02 4.494215121445828687e-01 1.583705273804087571e-02
1.175342465753424603e+00 1.000000000000000000e+00 4.905805509131785924e-02 3.372469107717816078e-02 4.494168459875176325e-01 1.583238625850236225e-02
1.172602739726027687e+00 1.000000000000000000e+00 4.897395067757157744e-02 3.380879562953208184e-02 4.493327441962371993e-01 1.574828216816911292e-02
1.169863013698630105e+00 1.000000000000000000e+00 4.892868876780517157e-02 3.385405757238008767e-02 4.492874829256204849e-01 1.570302033917136963e-02
1.167123287671232967e+00 1.000000000000000000e+00 4.890959646273623090e-02 3.387314988713918673e-02 4.492683908107671376e-01 1.568392805857128647e-02
1.161643835616438247e+00 1.000000000000000000e+00 4.880947285385090623e-02 3.397327350173199451e-02 4.491682673503220591e-01 1.558380447394680686e-02
1.158904109589041109e+00 1.000000000000000000e+00 4.871637420156684634e-02 3.406637215549290082e-02 4.490751687707740247e-01 1.549070583722724111e-02
1.156164383561643527e+00 1.000000000000000000e+00 4.863517945617937960e-02 3.414756690012064888e-02 4.489939740476954766e-01 1.540951109999150019e-02
1.153424657534246611e+00 1.000000000000000000e+00 4.858804893966334193e-02 3.419469741594684253e-02 4.489468435382618083e-01 1.536238058731305769e-02
1.150684931506849251e+00 1.000000000000000000e+00 4.845427590979903276e-02 3.432847044362405398e-02 4.488130705220959582e-01 1.522860756724737918e-02
1.147945205479451891e+00 1.000000000000000000e+00 4.850203525056993176e-02 3.428071110366402718e-02 4.488608298594586876e-01 1.527636690483765228e-02
1.142465753424657615e+00 1.000000000000000000e+00 4.835313286385037324e-02 3.442961348757467288e-02 4.487119274854393103e-01 1.512746452937854813e-02
1.139726027397260477e+00 1.000000000000000000e+00 4.836311270315388905e-02 3.441963364846375995e-02 4.487219073239024358e-01 1.513744436791789570e-02
1.136986301369863117e+00 1.000000000000000000e+00 4.827972665911118427e-02 3.450301969065907443e-02 4.486385212878282736e-01 1.505405833117692133e-02
1.134246575342465757e+00 1.000000000000000000e+00 4.816965067546988971e-02 3.461309567227115191e-02 4.485284453128861037e-01 1.494398235554189602e-02
1.131506849315068397e+00 1.000000000000000000e+00 4.799193809154733009e-02 3.479080825233332730e-02 4.483507327454780422e-01 1.476626978684165807e-02
1.128767123287671259e+00 1.000000000000000000e+00 4.810313910414958788e-02 3.467960724218301788e-02 4.484619337475924672e-01 1.487747078977578324e-02
1.123287671232876761e+00 1.000000000000000000e+00 4.805075843053677881e-02 3.473198791464419954e-02 4.484095530789037332e-01 1.482509012070358165e-02
1.120547945205479401e+00 1.000000000000000000e+00 4.800539709909833197e-02 3.477734924512674436e-02 4.483641917515528430e-01 1.477972879303390136e-02
1.117808219178082485e+00 1.000000000000000000e+00 4.782717358645761918e-02 3.495557275389951646e-02 4.481859682554496516e-01 1.460150529564266907e-02
1.115068493150684903e+00 1.000000000000000000e+00 4.779010745464446624e-02 3.499263888492699925e-02 4.481489021269949302e-01 1.456443916692652836e-02
1.112328767123287765e+00 1.000000000000000000e+00 4.774453375092310020e-02 3.503821258764663188e-02 4.481033284275562356e-01 1.451886546715441990e-02
1.109589041095890405e+00 1.000000000000000000e+00 4.767014668363440261e-02 3.511259965307599040e-02 4.480289413682173594e-01 1.444447840719613463e-02
1.104109589041095907e+00 1.000000000000000000e+00 4.753377171085613334e-02 3.524897462333898002e-02 4.478925664061942369e-01 1.430810344433453354e-02
1.101369863013698325e+00 1.000000000000000000e+00 4.752871500669291621e-02 3.525403132738218204e-02 4.478875097025431518e-01 1.430304674064393836e-02
1.098630136986301409e+00 1.000000000000000000e+00 4.747355618526337417e-02 3.530919014772665454e-02 4.478323508857521285e-01 1.424788792349225390e-02
1.095890410958904049e+00 1.000000000000000000e+00 4.738626023766416562e-02 3.539648609367638393e-02 4.477450549452050010e-01 1.416059198239605701e-02
1.093150684931506911e+00 1.000000000000000000e+00 4.739053414117103125e-02 3.539221219025975168e-02 4.477493288483263001e-01 1.416486588554740494e-02
1.090410958904109551e+00 1.000000000000000000e+00 4.734254183631102231e-02 3.544020449409304718e-02 4.477013365478562101e-01 1.411687358473493435e-02
1.082191780821917915e+00 1.000000000000000000e+00 4.721886358451368726e-02 3.556388274361603485e-02 4.475776583057824998e-01 1.399319534190371535e-02
1.079452054794520555e+00 1.000000000000000000e+00 4.718425658577452692e-02 3.559848974170075342e-02 4.475430513098416219e-01 1.395858834574469944e-02
1.076712328767123195e+00 1.000000000000000000e+00 4.712899063382744447e-02 3.565375569255730542e-02 4.474877853625559010e-01 1.390332239809581767e-02
1.073972602739726057e+00 1.000000000000000000e+00 4.719861358104856380e-02 3.558413274659905784e-02 4.475574083043785678e-01 1.397294534033811930e-02
1.071232876712328697e+00 1.000000000000000000e+00 4.701165186821257280e-02 3.577109445595331311e-02 4.473704466064290508e-01 1.378598364122893792e-02
1.063013698630137061e+00 1.000000000000000000e+00 4.691091037354742227e-02 3.587183594866260455e-02 4.472697051201268703e-01 1.368524215427464191e-02
1.060273972602739700e+00 1.000000000000000000e+00 4.683329052764400452e-02 3.594945579315358269e-02 4.471920852802623858e-01 1.360762231394054521e-02
1.057534246575342562e+00 1.000000000000000000e+00 4.677918707399223580e-02 3.600355924567757299e-02 4.471379818314317744e-01 1.355351886473499419e-02
1.054794520547945202e+00 1.000000000000000000e+00 4.679033829803269651e-02 3.599240802185215554e-02 4.471491330545520060e-01 1.356467008792796615e-02
1.052054794520547842e+00 1.000000000000000000e+00 4.668122949161884749e-02 3.610151682592892958e-02 4.470400242581294981e-01 1.345556129072746770e-02
1.046575342465753122e+00 1.000000000000000000e+00 4.658986934963726956e-02 3.619287696617810857e-02 4.469486641235546620e-01 1.336420115557577365e-02
1.043835616438356206e+00 1.000000000000000000e+00 4.651419292959828311e-02 3.626855338465358874e-02 4.468729877101998427e-01 1.328852474170070727e-02
1.041095890410958846e+00 1.000000000000000000e+00 4.652405561779664189e-02 3.625869069665745709e-02 4.468828503975340594e-01 1.329838742910195715e-02
1.038356164383561708e+00 1.000000000000000000e+00 4.644870524229859771e-02 3.633404107066163374e-02 4.468075000284230658e-01 1.322303705949348825e-02
1.035616438356164348e+00 1.000000000000000000e+00 4.634343600132834889e-02 3.643931030931506915e-02 4.467022307973583239e-01 1.311776782765703385e-02
1.032876712328767210e+00 1.000000000000000000e+00 4.631091783494033914e-02 3.647182847498595115e-02 4.466697126340363755e-01 1.308524966409657826e-02
1.024657534246575352e+00 1.000000000000000000e+00 4.618568636935879712e-02 3.659705993828125253e-02 4.465444811782290913e-01 1.296001820752813033e-02
1.021917808219177992e+00 1.000000000000000000e+00 4.608956326829598271e-02 3.669318303754234845e-02 4.464483580848691013e-01 1.286389511356812038e-02
1.019178082191780854e+00 1.000000000000000000e+00 4.600655397424832649e-02 3.677619232986972103e-02 4.463653487981770196e-01 1.278088582630222160e-02
1.016438356164383494e+00 1.000000000000000000e+00 4.598180006945771364e-02 3.680094623414845861e-02 4.463405948955747604e-01 1.275613192352945124e-02
1.013698630136986356e+00 1.000000000000000000e+00 4.594724785652215537e-02 3.683549844635042314e-02 4.463060426857746732e-01 1.272157971348572211e-02
1.008219178082192080e+00 1.000000000000000000e+00 4.600197477056561235e-02 3.613407424533912615e-02 4.390297302587786721e-01 1.148005709503724034e-02
1.005479452054794498e+00 1.000000000000000000e+00 4.594037001169957307e-02 3.619594128797841426e-02 4.389724815971375316e-01 1.141903341509013618e-02
1.002739726027397360e+00 1.000000000000000000e+00 4.586252273686897835e-02 3.627390129581919281e-02 4.388966514438668587e-01 1.134143926561302813e-02
1.000000000000000000e+00 1.000000000000000000e+00 4.579722155581680137e-02 3.633923712459635746e-02 4.388319866752249387e-01 1.127621623495063050e-02
