2.081643835616438309e+01 4.000000000000000083e-02 1.542962485283438101e-01 4.939418595311542148e+00 2.937398059348823587e-01 8.018845249686523680e-02
2.081369863013698662e+01 4.000000000000000083e-02 1.521007423642258272e-01 4.943155469040571681e+00 2.971651610558449508e-01 7.806269465501518290e-02
2.081095890410959015e+01 4.000000000000000083e-02 1.516569921762277451e-01 4.943886085317255485e+00 2.978135721846329464e-01 7.761518342355702704e-02
2.080547945205479721e+01 4.000000000000000083e-02 1.519835049192296283e-01 4.943348524337876526e+00 2.973364862016670829e-01 7.794446337898637556e-02
2.080273972602740074e+01 4.000000000000000083e-02 1.525829415847275994e-01 4.942362729566717405e+00 2.965224227005524016e-01 7.856037592424035265e-02
2.080000000000000071e+01 4.000000000000000083e-02 1.525742193708120586e-01 4.942377106850994295e+00 2.965364968987595495e-01 7.855182570738787617e-02
2.079726027397260424e+01 4.000000000000000083e-02 1.518999012622140599e-01 4.943488902875973423e+00 2.976595803547091301e-01 7.789731057555672467e-02
2.079452054794520421e+01 4.000000000000000083e-02 1.533065486859176429e-01 4.941256361987711010e+00 2.955833750905085267e-01 7.934496380341467259e-02
2.079178082191780774e+01 4.000000000000000083e-02 1.551969468026334620e-01 4.937939136128997930e+00 2.938112897023303915e-01 8.140844986685226436e-02
2.078630136986301125e+01 4.000000000000000083e-02 1.550720845874906106e-01 4.938142288557695991e+00 2.940269078125291036e-01 8.129657201026084523e-02
2.078356164383561122e+01 4.000000000000000083e-02 1.553581913318305141e-01 4.937676844877863402e+00 2.935329159649213704e-01 8.155293033282923210e-02
2.078082191780821830e+01 4.000000000000000083e-02 1.562679751351842283e-01 4.936223968850934618e+00 2.921585648453566830e-01 8.235525482862657287e-02
2.077808219178082538e+01 4.000000000000000083e-02 1.558876072873649488e-01 4.936850537629913660e+00 2.928841578741256391e-01 8.200959520242293022e-02
2.077534246575342536e+01 4.000000000000000083e-02 1.578222595037640230e-01 4.932933071161397010e+00 2.867150121556614750e-01 8.398272865001164822e-02
2.077260273972602889e+01 4.000000000000000083e-02 1.555108132044887848e-01 4.936512645526792475e+00 2.945895007930462994e-01 8.233296350772996430e-02
2.076438356164383947e+01 4.000000000000000083e-02 1.569529596563998819e-01 4.934267718600424679e+00 2.922671325310550183e-01 8.362809108186684826e-02
2.076164383561643945e+01 4.000000000000000083e-02 1.584067894368935969e-01 4.930299133927966260e+00 2.840506899804816077e-01 8.546933065575149091e-02
2.075890410958903942e+01 4.000000000000000083e-02 1.581687565040410803e-01 4.930562181669881028e+00 2.841201912027101484e-01 8.528341867893769745e-02
2.075616438356164295e+01 4.000000000000000083e-02 1.565450586409195821e-01 4.933061959058091972e+00 2.869622994638429403e-01 8.379546880897532912e-02
2.075342465753424648e+01 4.000000000000000083e-02 1.554991156222055304e-01 4.934875908294375613e+00 2.904218920797833614e-01 8.270938940572805653e-02
2.074520547945205351e+01 4.000000000000000083e-02 1.547235720280062954e-01 4.935586926473508385e+00 2.935134425824184046e-01 8.270791548332558085e-02
2.074246575342465704e+01 4.000000000000000083e-02 1.556890583385890925e-01 4.934362286895713545e+00 2.934812568557221280e-01 8.347288321877770201e-02
2.073972602739726057e+01 4.000000000000000083e-02 1.573267747858093923e-01 4.930869950726742168e+00 2.872555599058246867e-01 8.533976286566455349e-02
2.073698630136986409e+01 4.000000000000000083e-02 1.569570302705817488e-01 4.931397955239980035e+00 2.878444656543069913e-01 8.499708018502304119e-02
2.073424657534246407e+01 4.000000000000000083e-02 1.570552522161905995e-01 4.931257865626551329e+00 2.876883103215681636e-01 8.508812854671117532e-02
2.072876712328767113e+01 4.000000000000000083e-02 1.553756810522314291e-01 4.933511442935121671e+00 2.964908467730109631e-01 8.431047282926756870e-02
2.072602739726027465e+01 4.000000000000000083e-02 1.538237579190387394e-01 4.935290490488729809e+00 2.995641931546897951e-01 8.337576729990950342e-02
2.072328767123288173e+01 4.000000000000000083e-02 1.524194996708122252e-01 4.937843615589120994e+00 3.021725495152666752e-01 8.256982833229713215e-02
2.072054794520548171e+01 4.000000000000000083e-02 1.564891335891954727e-01 4.930790109768815377e+00 2.974583977092221110e-01 8.875647604508500599e-02
2.071780821917808169e+01 4.000000000000000083e-02 1.555864736711655427e-01 4.932001399043339340e+00 2.999355207416081748e-01 8.775764789290209367e-02
2.071506849315068521e+01 4.000000000000000083e-02 1.537272854582648896e-01 4.934217145366039503e+00 3.036650427566300880e-01 8.670524410292194950e-02
2.070958904109588872e+01 4.000000000000000083e-02 1.523861485645703617e-01 4.936340665554156182e+00 3.057103718780362356e-01 8.588832198247427219e-02
2.070684931506848869e+01 4.000000000000000083e-02 1.554094235957070025e-01 4.932358389295062651e+00 3.125045104964798703e-01 9.168879490029489820e-02
2.070410958904109577e+01 4.000000000000000083e-02 1.563053191868044312e-01 4.931428645237531327e+00 3.117465761949648750e-01 9.250764817452220012e-02
2.070136986301369930e+01 4.000000000000000083e-02 1.579791470574334333e-01 4.925506535722011137e+00 2.961486688423356495e-01 9.602546138228250372e-02
2.069863013698630283e+01 4.000000000000000083e-02 1.586656836310824659e-01 4.924827744525492434e+00 2.955134822991926091e-01 9.667063091647892792e-02
2.069589041095890281e+01 4.000000000000000083e-02 1.584802479376181128e-01 4.925011355690294579e+00 2.956866748380883037e-01 9.649503121029838482e-02
2.069041095890410986e+01 4.000000000000000083e-02 1.589328790803528069e-01 4.924563110166045199e+00 2.952635104069333827e-01 9.692399611339791443e-02
2.068767123287671694e+01 4.000000000000000083e-02 1.605099155174632974e-01 4.923001978565848091e+00 2.939470196688378500e-01 9.856601562808273154e-02
2.068493150684931692e+01 4.000000000000000083e-02 1.604861057460456042e-01 4.923025686542703561e+00 2.939700888363288578e-01 9.854275204049973980e-02
2.068219178082192045e+01 4.000000000000000083e-02 1.605268158567593750e-01 4.922985150451134828e+00 2.939306448065046040e-01 9.858252843869677595e-02
2.067945205479452042e+01 4.000000000000000083e-02 1.605674933788474312e-01 4.922944646710281091e+00 2.938912316629155863e-01 9.862227351014302146e-02
2.067671232876712395e+01 4.000000000000000083e-02 1.599473930728522175e-01 4.923562122125447971e+00 2.944922264521298017e-01 9.801626139472963128e-02
2.067123287671232745e+01 4.000000000000000083e-02 1.599312965452857893e-01 4.923578161512225826e+00 2.945079044079511044e-01 9.800047291913742409e-02
2.066849315068493098e+01 4.000000000000000083e-02 1.616760399987209051e-01 4.921864227739290776e+00 2.942791779403500230e-01 1.008741421715262931e-01
2.066575342465753096e+01 4.000000000000000083e-02 1.629821663728410197e-01 4.920559516954032375e+00 2.929661032019326150e-01 1.021547866676294630e-01
2.066301369863013448e+01 4.000000000000000083e-02 1.610505436247199329e-01 4.922501204634035510e+00 2.955857054130297534e-01 1.007889595951633882e-01
2.066027397260273446e+01 4.000000000000000083e-02 1.618853984239823907e-01 4.921673472822511997e+00 2.951385577366485991e-01 1.019231081866053545e-01
2.065753424657534154e+01 4.000000000000000083e-02 1.635382848636812714e-01 4.920154639614003678e+00 2.941485732952066612e-01 1.047775879424285156e-01
2.065205479452054860e+01 4.000000000000000083e-02 1.632780736405120559e-01 4.920414684056865440e+00 2.944100169262204303e-01 1.045193398364502591e-01
2.064931506849315213e+01 4.000000000000000083e-02 1.628018052087600032e-01 4.920890650027120117e+00 2.948885201935987355e-01 1.040466319052873179e-01
2.064657534246575210e+01 4.000000000000000083e-02 1.618409342534262996e-01 4.921858507822216566e+00 2.962936099518052036e-01 1.034423539230016620e-01
2.064383561643835918e+01 4.000000000000000083e-02 1.612980457709469462e-01 4.922403776730768676e+00 2.969934669962089324e-01 1.030258441537626468e-01
2.064109589041095916e+01 4.000000000000000083e-02 1.609521745479244037e-01 4.922749368003016102e+00 2.973340396268264185e-01 1.026767615601071326e-01
2.063835616438356269e+01 4.000000000000000083e-02 1.607192154573829079e-01 4.922982146604041986e+00 2.975635794508245113e-01 1.024417333868197361e-01
2.063287671232876974e+01 4.000000000000000083e-02 1.608967398177409414e-01 4.922804756503124324e+00 2.973885998126951091e-01 1.026207963248148280e-01
2.063013698630136972e+01 4.000000000000000083e-02 1.611145712833780552e-01 4.922587086851376803e+00 2.971738364329425952e-01 1.028404816633255864e-01
2.062739726027397325e+01 4.000000000000000083e-02 1.635880510906688179e-01 4.921472189991673574e+00 3.012942485101293144e-01 1.087827195061371183e-01
2.062465753424657677e+01 4.000000000000000083e-02 1.645943601299413028e-01 4.920531476657279413e+00 3.006083019251162280e-01 1.103631380121534444e-01
2.062191780821917675e+01 4.000000000000000083e-02 1.667280686101935971e-01 4.919147149203570102e+00 3.018526212466663416e-01 1.125634533112469804e-01
2.061917808219178028e+01 4.000000000000000083e-02 1.688823322102993574e-01 4.916858170947691065e+00 2.990781209180978784e-01 1.145894627407154087e-01
2.061369863013698733e+01 4.000000000000000083e-02 1.698132219596159287e-01 4.915869776964319371e+00 2.978835792598845122e-01 1.154654944855175724e-01
2.061095890410958731e+01 4.000000000000000083e-02 1.729848495818455678e-01 4.911834266661776915e+00 2.894738964805809722e-01 1.167524091595726204e-01
2.060821917808219084e+01 4.000000000000000083e-02 1.722951911424179805e-01 4.912564737438220419e+00 2.903505375302908309e-01 1.161036280091189143e-01
2.060547945205479436e+01 4.000000000000000083e-02 1.721300987319047959e-01 4.912739579225156916e+00 2.905602667762265945e-01 1.159483038139322714e-01
2.060273972602740145e+01 4.000000000000000083e-02 1.765828801843838669e-01 4.907209116448406405e+00 2.828166183877796613e-01 1.185413617687282040e-01
2.059452054794520492e+01 4.000000000000000083e-02 1.773011893917565973e-01 4.906484503736022518e+00 2.821285636147293219e-01 1.193382028846744214e-01
2.059178082191780845e+01 4.000000000000000083e-02 1.779093217534832017e-01 4.905871065531387742e+00 2.815459082540360258e-01 1.200123788796449709e-01
2.058904109589040843e+01 4.000000000000000083e-02 1.799156047119719881e-01 4.903179175673360035e+00 2.796301145961497814e-01 1.230239549408424365e-01
2.058630136986300840e+01 4.000000000000000083e-02 1.747559447226599005e-01 4.906300113423092135e+00 2.748312415595628444e-01 1.111755019132795869e-01
2.058356164383561193e+01 4.000000000000000083e-02 1.776684195489788010e-01 4.902949294766110633e+00 2.726637513796745238e-01 1.147618904333935486e-01
2.058082191780821901e+01 4.000000000000000083e-02 1.783338581439273818e-01 4.902278808794289233e+00 2.720323668918707694e-01 1.154798273573809236e-01
2.057534246575342252e+01 4.000000000000000083e-02 1.777317903229334584e-01 4.902885413644316515e+00 2.726038067617607696e-01 1.148306027146978742e-01
2.057260273972602249e+01 4.000000000000000083e-02 1.754948475191882018e-01 4.905389926085010011e+00 2.764689100984640824e-01 1.119320350277157039e-01
2.056986301369862957e+01 4.000000000000000083e-02 1.729853041685511517e-01 4.906784401404792995e+00 2.716338419642287949e-01 1.063361544295750860e-01
2.056712328767123665e+01 4.000000000000000083e-02 1.764479385852408544e-01 4.902628863256521363e+00 2.661622411464724114e-01 1.080354579143106425e-01
2.056438356164384018e+01 4.000000000000000083e-02 1.761048166171997331e-01 4.902972926461207415e+00 2.664875640067704277e-01 1.076697819499455033e-01
2.056164383561644016e+01 4.000000000000000083e-02 1.799098598884107669e-01 4.897857247155960714e+00 2.628840397109293292e-01 1.131794819116367784e-01
2.055616438356164366e+01 4.000000000000000083e-02 1.799174422807385543e-01 4.897849892977805375e+00 2.628766855248539369e-01 1.131870720734523411e-01
2.055342465753424719e+01 4.000000000000000083e-02 1.809847627048840057e-01 4.896814442547420043e+00 2.618412336839673338e-01 1.142554767181870462e-01
2.055068493150685072e+01 4.000000000000000083e-02 1.806237390127153897e-01 4.897165507496581860e+00 2.621922990753175475e-01 1.138941154591571053e-01
2.054794520547945069e+01 4.000000000000000083e-02 1.810665624544990637e-01 4.896734750496631428e+00 2.617615415394333178e-01 1.143373476899700453e-01
2.054520547945205067e+01 4.000000000000000083e-02 1.845951252631155559e-01 4.895080038821053137e+00 2.736066032548799543e-01 1.229360872565845447e-01
2.054246575342465775e+01 4.000000000000000083e-02 1.879372329809211595e-01 4.891357318163633394e+00 2.672130024748290422e-01 1.231221593732731434e-01
2.053698630136986125e+01 4.000000000000000083e-02 1.879430955659036617e-01 4.891351464781254599e+00 2.672069958201428452e-01 1.231280586159457513e-01
2.053424657534246478e+01 4.000000000000000083e-02 1.859079970057178621e-01 4.893829601513452587e+00 2.740359126737334505e-01 1.209250833389280549e-01
2.053150684931506831e+01 4.000000000000000083e-02 1.846504080199760922e-01 4.895543876902478608e+00 2.791617818696733311e-01 1.208731950055391552e-01
2.052876712328767184e+01 4.000000000000000083e-02 1.820269471347471524e-01 4.898008723346736204e+00 2.794704748499414748e-01 1.189678644005661284e-01
2.052602739726027536e+01 4.000000000000000083e-02 1.811422920748252396e-01 4.898879321137216358e+00 2.802789337364214872e-01 1.180420883087923839e-01
2.052328767123287534e+01 4.000000000000000083e-02 1.836109104068053555e-01 4.896914243392006760e+00 2.791519960488143548e-01 1.246349382421909763e-01
2.051780821917807884e+01 4.000000000000000083e-02 1.844230504220990829e-01 4.896199806576552405e+00 2.791959846195398720e-01 1.256611130643252305e-01
2.051506849315068948e+01 4.000000000000000083e-02 1.834210333841599372e-01 4.897107000012027811e+00 2.785237960378402211e-01 1.252792863532340983e-01
2.051232876712328945e+01 4.000000000000000083e-02 1.865021650144660370e-01 4.894536450483833789e+00 2.809167778074064814e-01 1.273967542715473411e-01
2.050958904109588943e+01 4.000000000000000083e-02 1.821144993992870886e-01 4.899246832145048636e+00 2.860606314450632737e-01 1.258657892511309273e-01
2.050684931506849296e+01 4.000000000000000083e-02 1.809778027672400980e-01 4.900372438253031149e+00 2.871280782316201763e-01 1.246835602611359728e-01
2.050410958904109648e+01 4.000000000000000083e-02 1.792872194358924309e-01 4.901221209538714874e+00 2.887307639974572848e-01 1.238712963431492231e-01
2.049863013698629999e+01 4.000000000000000083e-02 1.816594529726681118e-01 4.898871568429043144e+00 2.864801591723989405e-01 1.263172984739541482e-01
2.049589041095890352e+01 4.000000000000000083e-02 1.835049772427050085e-01 4.897164172432415086e+00 2.831512505896517373e-01 1.309900508481085801e-01
2.049315068493150704e+01 4.000000000000000083e-02 1.802986826012958343e-01 4.899583902092678578e+00 2.862450298701298412e-01 1.285606820772822734e-01
2.049041095890411057e+01 4.000000000000000083e-02 1.804756281268595774e-01 4.899408370412766445e+00 2.860729993922890291e-01 1.287401022644908966e-01
2.048767123287671765e+01 4.000000000000000083e-02 1.804613873283167635e-01 4.899422497562795797e+00 2.860868450927323559e-01 1.287256625548087730e-01
2.048493150684931763e+01 4.000000000000000083e-02 1.805098237812807482e-01 4.899374447647065978e+00 2.860397524339817199e-01 1.287747755363946867e-01
2.047671232876712466e+01 4.000000000000000083e-02 1.820380769021281153e-01 4.897858175772748623e+00 2.845531753785002227e-01 1.303239852909195973e-01
2.047397260273972464e+01 4.000000000000000083e-02 1.833180685627470996e-01 4.896463165207588730e+00 2.793370787412092771e-01 1.338611801149242608e-01
2.047123287671232816e+01 4.000000000000000083e-02 1.843918666213275881e-01 4.895608608233238179e+00 2.807703869664279761e-01 1.349837617325662376e-01
2.046849315068493169e+01 4.000000000000000083e-02 1.846608340341793220e-01 4.895344249969198813e+00 2.805678293881856966e-01 1.352334863164973144e-01
2.046575342465753167e+01 4.000000000000000083e-02 1.854979800354762953e-01 4.894580783146842862e+00 2.805965398303557068e-01 1.360487483961646538e-01
2.046027397260273872e+01 4.000000000000000083e-02 1.853024968064416189e-01 4.894780772834455007e+00 2.808315319310726865e-01 1.358715423253297194e-01
2.045753424657534225e+01 4.000000000000000083e-02 1.881634217944366805e-01 4.891667139139736165e+00 2.760738186909144631e-01 1.368993191699456324e-01
2.045479452054794223e+01 4.000000000000000083e-02 1.865841356548811059e-01 4.893164946482604805e+00 2.778811251640308511e-01 1.325133857978388341e-01
2.045205479452054931e+01 4.000000000000000083e-02 1.877897967716271044e-01 4.891918407391540491e+00 2.763766470844324918e-01 1.334135027233493698e-01
2.044931506849314928e+01 4.000000000000000083e-02 1.876517512755519479e-01 4.892056652369100256e+00 2.765165448766943035e-01 1.332741706599809561e-01
2.044657534246575636e+01 4.000000000000000083e-02 1.889149299045809749e-01 4.890791689747482351e+00 2.752368083442311986e-01 1.345488518516127496e-01
2.044109589041095987e+01 4.000000000000000083e-02 1.889935909812772430e-01 4.890712940852174562e+00 2.751573351436850112e-01 1.346280778026621439e-01
2.043835616438356340e+01 4.000000000000000083e-02 1.926476468219249782e-01 4.887055811245360815e+00 2.714749679623742473e-01 1.383018527481682525e-01
2.043561643835616337e+01 4.000000000000000083e-02 1.946986461540754221e-01 4.885004196271653498e+00 2.694183322376914602e-01 1.403567859442219345e-01
2.043287671232876690e+01 4.000000000000000083e-02 1.920663518657333979e-01 4.887637093022406454e+00 2.720561374658579390e-01 1.377206442063250436e-01
2.043013698630137043e+01 4.000000000000000083e-02 1.899418353303446994e-01 4.889761954617043216e+00 2.741838079081421742e-01 1.355939251848786720e-01
2.042739726027397040e+01 4.000000000000000083e-02 1.906978739460245820e-01 4.889005814897795510e+00 2.734268454936365500e-01 1.363506089971772972e-01
2.041917808219178099e+01 4.000000000000000083e-02 1.920400285974794563e-01 4.887663487570570453e+00 2.720831131612388432e-01 1.376938655500720698e-01
2.041643835616438452e+01 4.000000000000000083e-02 1.919530292673652383e-01 4.887750497054685894e+00 2.721702052529231808e-01 1.376068014292843589e-01
2.041369863013698804e+01 4.000000000000000083e-02 1.898529448172561196e-01 4.889850817518041737e+00 2.742724456930879517e-01 1.355052110677100741e-01
2.041095890410958802e+01 4.000000000000000083e-02 1.890037642795685258e-01 4.890700069715697040e+00 2.751222806476321114e-01 1.346555733835137769e-01
2.040821917808219155e+01 4.000000000000000083e-02 1.903178877589256912e-01 4.889385842048149300e+00 2.738072057367089696e-01 1.359703615037575752e-01
2.040273972602739860e+01 4.000000000000000083e-02 1.902958272095320869e-01 4.889407904134848160e+00 2.738292803233387529e-01 1.359482911480185963e-01
2.039999999999999858e+01 4.000000000000000083e-02 1.915087571986326120e-01 4.888194890766923706e+00 2.726155889906985430e-01 1.371617530093423853e-01
2.039726027397259855e+01 4.000000000000000083e-02 1.907589007804989245e-01 4.888944791582457761e+00 2.733658507770055368e-01 1.364116133921098595e-01
2.039452054794520919e+01 4.000000000000000083e-02 1.890655370267753932e-01 4.890638246606129336e+00 2.750600478429801043e-01 1.347176674567134858e-01
2.039178082191780916e+01 4.000000000000000083e-02 1.883680238141614283e-01 4.891335787509219379e+00 2.757578138530034639e-01 1.340199776218249927e-01
2.038904109589041269e+01 4.000000000000000083e-02 1.866663349638279235e-01 4.892764297540692198e+00 2.755242657881155077e-01 1.300809697187469416e-01
2.038082191780821972e+01 4.000000000000000083e-02 1.877306937283943766e-01 4.891700682044145765e+00 2.744652502619569501e-01 1.311516196278086355e-01
2.037808219178082325e+01 4.000000000000000083e-02 1.858714908950141742e-01 4.894649765707687727e+00 2.874208528618245606e-01 1.288704080290039022e-01
2.037534246575342323e+01 4.000000000000000083e-02 1.881067396655473067e-01 4.892307730142193556e+00 2.844144272581859423e-01 1.302734345436164232e-01
2.037260273972602675e+01 4.000000000000000083e-02 1.889887217434120525e-01 4.891425134244495432e+00 2.835263974904931317e-01 1.311629068344242199e-01
2.036986301369863028e+01 4.000000000000000083e-02 1.904559993738097756e-01 4.889956929105772510e+00 2.820499894101409777e-01 1.326414901524849144e-01
2.036438356164384089e+01 4.000000000000000083e-02 1.907139946451404666e-01 4.889698802011212209e+00 2.817906985159013833e-01 1.329010890394219657e-01
2.036164383561644087e+01 4.000000000000000083e-02 1.882005982668908117e-01 4.892055821099150492e+00 2.831985581507872052e-01 1.290763616268907898e-01
2.035890410958904084e+01 4.000000000000000083e-02 1.879361875908489576e-01 4.892320098398620587e+00 2.834621706075700076e-01 1.288094669313877005e-01
2.035616438356164437e+01 4.000000000000000083e-02 1.875418754312632719e-01 4.892714213087868913e+00 2.838553009368656177e-01 1.284114774678650206e-01
2.035342465753424790e+01 4.000000000000000083e-02 1.870466602600766859e-01 4.893209184797221667e+00 2.843490589300816107e-01 1.279117297841142198e-01
2.035068493150684787e+01 4.000000000000000083e-02 1.862759769029405377e-01 4.894284918360917835e+00 2.884627815260026873e-01 1.265335986770863286e-01
2.034520547945205138e+01 4.000000000000000083e-02 1.862554989646360848e-01 4.894305582109694797e+00 2.884846111358268517e-01 1.265144589061661107e-01
2.034246575342465846e+01 4.000000000000000083e-02 1.883331051656461363e-01 4.892157450700274524e+00 2.859043545229309480e-01 1.280292797808827709e-01
2.033972602739726554e+01 4.000000000000000083e-02 1.887055216841699856e-01 4.891785211903121322e+00 2.855329409869082347e-01 1.284050008978114832e-01
2.033698630136986552e+01 4.000000000000000083e-02 1.882627933845000545e-01 4.892227733544457280e+00 2.859745029158788365e-01 1.279584311404615982e-01
2.033424657534246549e+01 4.000000000000000083e-02 1.856299097388319774e-01 4.896002967300645103e+00 2.990324131164096566e-01 1.260965481947752265e-01
2.033150684931506902e+01 4.000000000000000083e-02 1.818458700436249298e-01 4.899560299960941556e+00 2.991649319441112564e-01 1.235030759729321692e-01
2.032602739726027608e+01 4.000000000000000083e-02 1.827654891559281625e-01 4.898650790020833590e+00 2.983104343970049976e-01 1.244565420867208005e-01
2.032328767123287960e+01 4.000000000000000083e-02 1.834417960065760911e-01 4.897845189211932571e+00 2.949862991053577299e-01 1.262582437785708112e-01
2.032054794520547958e+01 4.000000000000000083e-02 1.835714252664907287e-01 4.897718317839582447e+00 2.948934057273473464e-01 1.263808973354321186e-01
2.031780821917808311e+01 4.000000000000000083e-02 1.847859422595070356e-01 4.896529526005163113e+00 2.940221107142343970e-01 1.275303317025080485e-01
2.031506849315068663e+01 4.000000000000000083e-02 1.818750838598179875e-01 4.899251349825598290e+00 2.934730250387436179e-01 1.258148208863795470e-01
2.031232876712328661e+01 4.000000000000000083e-02 1.816398638047032887e-01 4.899485189707337263e+00 2.937013331729657062e-01 1.255725428182584147e-01
2.030684931506849367e+01 4.000000000000000083e-02 1.819880445415840708e-01 4.899139041068485412e+00 2.933633311032182722e-01 1.259311123862325854e-01
2.030410958904109719e+01 4.000000000000000083e-02 1.783075747733953997e-01 4.900156150064581162e+00 2.969855520555164108e-01 1.250992835316899199e-01
2.030136986301369717e+01 4.000000000000000083e-02 1.812818803777266341e-01 4.897017331140798291e+00 2.898954034935882218e-01 1.296193996049437303e-01
2.029863013698630070e+01 4.000000000000000083e-02 1.798177973595702361e-01 4.898472103322405680e+00 2.913677493746116287e-01 1.281435145615890947e-01
2.029589041095890423e+01 4.000000000000000083e-02 1.797411030402407961e-01 4.898548355472539306e+00 2.914448354342514813e-01 1.280662609018170250e-01
2.029315068493150775e+01 4.000000000000000083e-02 1.831858239877966477e-01 4.895397998933309403e+00 2.873991653940001223e-01 1.343191286123614769e-01
2.028767123287671126e+01 4.000000000000000083e-02 1.831564666953466591e-01 4.895426845454795561e+00 2.874213145878077857e-01 1.342918934367041683e-01
2.028493150684931479e+01 4.000000000000000083e-02 1.806111592747007555e-01 4.897854803414960934e+00 2.878000910691989045e-01 1.325102919463804207e-01
2.028219178082191831e+01 4.000000000000000083e-02 1.814185251716538272e-01 4.897051101608764334e+00 2.869967671255083119e-01 1.333297490513564720e-01
2.027945205479451829e+01 4.000000000000000083e-02 1.828053897606715383e-01 4.895528880368306801e+00 2.826476057819783394e-01 1.358482682010819786e-01
2.027671232876711827e+01 4.000000000000000083e-02 1.869608488333115159e-01 4.891990106685414119e+00 2.865915168688783488e-01 1.377932629325982483e-01
2.027397260273972535e+01 4.000000000000000083e-02 1.856322710963785594e-01 4.893998217815693330e+00 2.958112893286750089e-01 1.356816565345632664e-01
2.026849315068492885e+01 4.000000000000000083e-02 1.850839412228002245e-01 4.894535353458639548e+00 2.962128526939102890e-01 1.351607691160425229e-01
2.026575342465753593e+01 4.000000000000000083e-02 1.847833375642680687e-01 4.894829837736862643e+00 2.964331466144743410e-01 1.348751689185943292e-01
2.026301369863013591e+01 4.000000000000000083e-02 1.841089549993469021e-01 4.895490522576539938e+00 2.969276236617541254e-01 1.342343737090797018e-01
2.026027397260273943e+01 4.000000000000000083e-02 1.876986858169678307e-01 4.892841557296626398e+00 3.044019996948672535e-01 1.366240577103748632e-01
2.025753424657534296e+01 4.000000000000000083e-02 1.869454192132281589e-01 4.893994905762314218e+00 3.098071891656349885e-01 1.352846097330432651e-01
2.025479452054794294e+01 4.000000000000000083e-02 1.890885730409050114e-01 4.892059795637528019e+00 3.098744141007674369e-01 1.377011269822739081e-01
2.024931506849314999e+01 4.000000000000000083e-02 1.893423648560206562e-01 4.891804098349246566e+00 3.096027230901751137e-01 1.379550833313269442e-01
2.024657534246575707e+01 4.000000000000000083e-02 1.898313916899317666e-01 4.891311436816695668e+00 3.090795865095608552e-01 1.384444240454746899e-01
2.024383561643836060e+01 4.000000000000000083e-02 1.904201333115641548e-01 4.890718484462416527e+00 3.084514704742227220e-01 1.390335294292019408e-01
2.024109589041096058e+01 4.000000000000000083e-02 1.915108384492887617e-01 4.889620543588813817e+00 3.072935562731233805e-01 1.401248601035705033e-01
2.023835616438356055e+01 4.000000000000000083e-02 1.893468003295734892e-01 4.891795318714746266e+00 3.095551804565601084e-01 1.379598915586949526e-01
2.023561643835616408e+01 4.000000000000000083e-02 1.885330327497679592e-01 4.892611325897824770e+00 3.103887905858611074e-01 1.371459293458102136e-01
2.023013698630137114e+01 4.000000000000000083e-02 1.921214762866551573e-01 4.889015352798050884e+00 3.067342151261542305e-01 1.407350278874994198e-01
2.022739726027397111e+01 4.000000000000000083e-02 1.903038253220816767e-01 4.890834662468544813e+00 3.085662494099892239e-01 1.389172324217860244e-01
2.022465753424657109e+01 4.000000000000000083e-02 1.901432453975505088e-01 4.890995366755412022e+00 3.087279060397278840e-01 1.387566416615219345e-01
2.022191780821917462e+01 4.000000000000000083e-02 1.918381184232563208e-01 4.889299210896383308e+00 3.070219288947379499e-01 1.404516264613463461e-01
2.021917808219178170e+01 4.000000000000000083e-02 1.933313710600400581e-01 4.887805027682135872e+00 3.055206335135585705e-01 1.419449601910023340e-01
2.021643835616438523e+01 4.000000000000000083e-02 1.927712776423252672e-01 4.888365423163039125e+00 3.060833351068735220e-01 1.413848404490095911e-01
2.020821917808219226e+01 4.000000000000000083e-02 1.932381515591678478e-01 4.887898303590581861e+00 3.056143403811819037e-01 1.418517357739183249e-01
2.020547945205479934e+01 4.000000000000000083e-02 1.957875177681775158e-01 4.885347715047652528e+00 3.030544278270705383e-01 1.444012085071791907e-01
2.020273972602739931e+01 4.000000000000000083e-02 1.937184107935147892e-01 4.887417415936610610e+00 3.051286482273981582e-01 1.423320497693973119e-01
2.019999999999999929e+01 4.000000000000000083e-02 1.949900889874788268e-01 4.886145459369119592e+00 3.038545751287077268e-01 1.436037522238526043e-01
2.019726027397260282e+01 4.000000000000000083e-02 1.945535246074215907e-01 4.886582110025663894e+00 3.042918815904149810e-01 1.431671803253829478e-01
2.019178082191780987e+01 4.000000000000000083e-02 1.945311184994130693e-01 4.886604520500136495e+00 3.043143252544387445e-01 1.431447738369003020e-01
2.018904109589040985e+01 4.000000000000000083e-02 1.955231785064443228e-01 4.885612268906810662e+00 3.033206174373488384e-01 1.441368505362193853e-01
2.018630136986301338e+01 4.000000000000000083e-02 1.954122177428277429e-01 4.885723248999447321e+00 3.034317444138304176e-01 1.440258880887679838e-01
2.018356164383561691e+01 4.000000000000000083e-02 1.950512860847293251e-01 4.886084243349834821e+00 3.037932151734363262e-01 1.436649509699639837e-01
2.018082191780822043e+01 4.000000000000000083e-02 1.955674915252841317e-01 4.885567950284354310e+00 3.032762562567802300e-01 1.441811640417904883e-01
2.017808219178082041e+01 4.000000000000000083e-02 1.963378096380067050e-01 4.884797508601144145e+00 3.025048756745540857e-01 1.449514929142501074e-01
2.017260273972602747e+01 4.000000000000000083e-02 1.963153061397787114e-01 4.884820015296934770e+00 3.025274066606000178e-01 1.449289891376728812e-01
2.016986301369863099e+01 4.000000000000000083e-02 1.964051569388876317e-01 4.884730151734048675e+00 3.024374461362523969e-01 1.450188410476424272e-01
2.016712328767123452e+01 4.000000000000000083e-02 1.971483625205061874e-01 4.883986841924212285e+00 3.016933445490458388e-01 1.457620556982751892e-01
2.016438356164383450e+01 4.000000000000000083e-02 1.957316575871054232e-01 4.885403704496235733e+00 3.031114042294292266e-01 1.443453370560753568e-01
2.016164383561644158e+01 4.000000000000000083e-02 1.988356894295991162e-01 4.882299508927659737e+00 3.000059660946115536e-01 1.474493831114154496e-01
2.015890410958904155e+01 4.000000000000000083e-02 1.985270779060883395e-01 4.882608126636706736e+00 3.003146307442242646e-01 1.471407710529676061e-01
2.015342465753424506e+01 4.000000000000000083e-02 1.993335657445234332e-01 4.881801622851441813e+00 2.995080059327759892e-01 1.479472602691586369e-01
2.015068493150684859e+01 4.000000000000000083e-02 2.020130019806848920e-01 4.879122141129656143e+00 2.968281789639380386e-01 1.506267004276669597e-01
2.014794520547944856e+01 4.000000000000000083e-02 2.035609340766933451e-01 4.877574194022764154e+00 2.952801178808701632e-01 1.521746338111913122e-01
2.014520547945205564e+01 4.000000000000000083e-02 2.007355505189596101e-01 4.880399599348820061e+00 2.981056885431564440e-01 1.493492483940576654e-01
2.014246575342465917e+01 4.000000000000000083e-02 2.012285314970421735e-01 4.879906615893816912e+00 2.976126862639048021e-01 1.498422295820601713e-01
2.013972602739725914e+01 4.000000000000000083e-02 2.026295969495858773e-01 4.878505543592199345e+00 2.962115618955031837e-01 1.512432956130068118e-01
2.013424657534246265e+01 4.000000000000000083e-02 2.023539569340598587e-01 4.878781184800176085e+00 2.964872121726379595e-01 1.509676554973605478e-01
2.013150684931506973e+01 4.000000000000000083e-02 1.998035093315222166e-01 4.881331642696451034e+00 2.990377483932299962e-01 1.484172070354731754e-01
2.012876712328766970e+01 4.000000000000000083e-02 2.002982123977593287e-01 4.880836938314830675e+00 2.985430339902011565e-01 1.489119102097411496e-01
2.012602739726027679e+01 4.000000000000000083e-02 2.014939809413485994e-01 4.879641166678347908e+00 2.973472387763835267e-01 1.501076790054332588e-01
2.012328767123288031e+01 4.000000000000000083e-02 2.023390789696477565e-01 4.878796066698461331e+00 2.965021239057424873e-01 1.509527771909044414e-01
2.012054794520548029e+01 4.000000000000000083e-02 2.035924445086361168e-01 4.877542698475429539e+00 2.952487351839201968e-01 1.522061429433846091e-01
2.011232876712328732e+01 4.000000000000000083e-02 2.051681435966517253e-01 4.875966996540591403e+00 2.936730114747071463e-01 1.537818422533602791e-01
2.010958904109589085e+01 4.000000000000000083e-02 2.049833849943873965e-01 4.876151755408884902e+00 2.938577723820356979e-01 1.535970836309435705e-01
2.010684931506849082e+01 4.000000000000000083e-02 2.042920681228247437e-01 4.876843073266765138e+00 2.945490978087930700e-01 1.529057666859220399e-01
2.010410958904109080e+01 4.000000000000000083e-02 2.054161559608265186e-01 4.875718983938662099e+00 2.934249970254875772e-01 1.540298546320938988e-01
2.010136986301369433e+01 4.000000000000000083e-02 2.065426839795809211e-01 4.874592454674675501e+00 2.922984581607742105e-01 1.551563827373738935e-01
2.009589041095890494e+01 4.000000000000000083e-02 2.062167055246511282e-01 4.874918433432589460e+00 2.926244392627628810e-01 1.548304042625049115e-01
2.009315068493150847e+01 4.000000000000000083e-02 2.064080782131928749e-01 4.874727060569497006e+00 2.924330650460539860e-01 1.550217769620960695e-01
2.009041095890410844e+01 4.000000000000000083e-02 2.062233647779790346e-01 4.874911774171553525e+00 2.926177799451673556e-01 1.548370635167682086e-01
2.008767123287671197e+01 4.000000000000000083e-02 2.084970231630614568e-01 4.873073233820124806e+00 2.922875830085452931e-01 1.574489960207830774e-01
2.008493150684931550e+01 4.000000000000000083e-02 2.102794808099510970e-01 4.871349630636838235e+00 2.907674951823123188e-01 1.592772536730123201e-01
2.008219178082191902e+01 4.000000000000000083e-02 2.124511546190703537e-01 4.869708861361671914e+00 2.881147942805435402e-01 1.640100607391229703e-01
2.007671232876712253e+01 4.000000000000000083e-02 2.121832072095547195e-01 4.869982840474674113e+00 2.883845345528004978e-01 1.637658385486659152e-01
2.007397260273972961e+01 4.000000000000000083e-02 2.133678051985172242e-01 4.868771740567908068e+00 2.871920579934874040e-01 1.648460912124032618e-01
2.007123287671232958e+01 4.000000000000000083e-02 2.097649093206525872e-01 4.873064074932693224e+00 2.924225762061505307e-01 1.628956519624273347e-01
2.006849315068493311e+01 4.000000000000000083e-02 2.078141874245031384e-01 4.875142709396091512e+00 2.949676866517550455e-01 1.610274039190438267e-01
2.006575342465753309e+01 4.000000000000000083e-02 2.069467235590739806e-01 4.876004975597282964e+00 2.958205889550751255e-01 1.601497347579115271e-01
2.006301369863013662e+01 4.000000000000000083e-02 2.082426102620204000e-01 4.874815297479211829e+00 2.949858453610145204e-01 1.615374955651751876e-01
2.005753424657534367e+01 4.000000000000000083e-02 2.083453262811191531e-01 4.874713100310154701e+00 2.948846454441798604e-01 1.616411840348940254e-01
2.005479452054794365e+01 4.000000000000000083e-02 2.084362133410624096e-01 4.874622671762754322e+00 2.947950982021738109e-01 1.617329304339035212e-01
2.005205479452054718e+01 4.000000000000000083e-02 2.076710874249699801e-01 4.875383968287743564e+00 2.955490329218024570e-01 1.609606288264122664e-01
2.004931506849315070e+01 4.000000000000000083e-02 2.087332089136149926e-01 4.874577664772431262e+00 2.956194428396990426e-01 1.622284947769382368e-01
2.004657534246575423e+01 4.000000000000000083e-02 2.095357900985194977e-01 4.873810387058388649e+00 2.949694522146527054e-01 1.630620203937519497e-01
2.004383561643836131e+01 4.000000000000000083e-02 2.105885845651352117e-01 4.872752931688205003e+00 2.938904265690525097e-01 1.641150886809987219e-01
2.003835616438356126e+01 4.000000000000000083e-02 2.104514175758230021e-01 4.872890630414728363e+00 2.940305747867544284e-01 1.639778904294903750e-01
2.003561643835616479e+01 4.000000000000000083e-02 2.116733151993015760e-01 4.872344907272267989e+00 2.922478415367332216e-01 1.684405367988818514e-01
2.003287671232876832e+01 4.000000000000000083e-02 2.101192427082860248e-01 4.873901597692904097e+00 2.938298803788598756e-01 1.668767445563316132e-01
2.003013698630136830e+01 4.000000000000000083e-02 2.098810870710449417e-01 4.874140042894479663e+00 2.940711087459484396e-01 1.666375158356301900e-01
2.002739726027396827e+01 4.000000000000000083e-02 2.050155467544549637e-01 4.879106222112066682e+00 2.994050924081049225e-01 1.618354585416262592e-01
2.001917808219178241e+01 4.000000000000000083e-02 2.061675210293215654e-01 4.877957007157055713e+00 2.982642860502366378e-01 1.629904510206288126e-01
2.001643835616438238e+01 4.000000000000000083e-02 2.055525277392152295e-01 4.878570614698225505e+00 2.988736671099885278e-01 1.623739426461457691e-01
2.001369863013698236e+01 4.000000000000000083e-02 2.042304900897118081e-01 4.879889766984685018e+00 3.001840153012528822e-01 1.610487510561424973e-01
2.001095890410958944e+01 4.000000000000000083e-02 2.017465134984907649e-01 4.882369103213607175e+00 3.026491643468812165e-01 1.585597073819530467e-01
2.000821917808219652e+01 4.000000000000000083e-02 2.022467585514741151e-01 4.881869526272801352e+00 3.021516365264350634e-01 1.590606807918572008e-01
2.000547945205479650e+01 4.000000000000000083e-02 2.032541159068911862e-01 4.880863485630524856e+00 3.011496349882994972e-01 1.600694734575333344e-01
2.000000000000000000e+01 4.000000000000000083e-02 2.030657500721678999e-01 4.881051621659926454e+00 3.013370657025008503e-01 1.598808571877936013e-01
1.999726027397260353e+01 4.000000000000000083e-02 2.043176769502400847e-01 4.879801196769287586e+00 3.000912512881568905e-01 1.611344207721896737e-01
1.999452054794520706e+01 4.000000000000000083e-02 2.027158452061975091e-01 4.881401402586561744e+00 3.016864605217458029e-01 1.595308183110725753e-01
1.999178082191780703e+01 4.000000000000000083e-02 2.007635412731390012e-01 4.883352187244828890e+00 3.036325695684396475e-01 1.575768610591725682e-01
1.998904109589041056e+01 4.000000000000000083e-02 2.003320089528811132e-01 4.883783471456322189e+00 3.040630892905449856e-01 1.571450589115461205e-01
1.998630136986301054e+01 4.000000000000000083e-02 2.009276727941465834e-01 4.883188143697830164e+00 3.034687971580210530e-01 1.577410882406155290e-01
1.998082191780821759e+01 4.000000000000000083e-02 2.009992830022173660e-01 4.883116572449949899e+00 3.033973459788109617e-01 1.578127408146576816e-01
1.997808219178082112e+01 4.000000000000000083e-02 2.003793426196701366e-01 4.883736177135515888e+00 3.040159160903984081e-01 1.571924353951134334e-01
1.997534246575342465e+01 4.000000000000000083e-02 2.017938842222280760e-01 4.882322339416846013e+00 3.026042482452608873e-01 1.586077422830015904e-01
1.997260273972602818e+01 4.000000000000000083e-02 2.000284609480930675e-01 4.884087133713118867e+00 3.043671019207370154e-01 1.568416354850666605e-01
1.996986301369863170e+01 4.000000000000000083e-02 1.973521246991244982e-01 4.886762870987803709e+00 3.070409896658976567e-01 1.541646486192311538e-01
1.996712328767123168e+01 4.000000000000000083e-02 1.964989075064428325e-01 4.887615979784175835e+00 3.078937635744137813e-01 1.533113137269250525e-01
1.996164383561643874e+01 4.000000000000000083e-02 1.969902037458014232e-01 4.887124742587653614e+00 3.074027087943097536e-01 1.538026740732683084e-01
1.995890410958903871e+01 4.000000000000000083e-02 1.974230888583581589e-01 4.886691908322329247e+00 3.069700316248779592e-01 1.542356143921418121e-01
1.995616438356163869e+01 4.000000000000000083e-02 1.967555332105021537e-01 4.887359387445639136e+00 3.076372743203079074e-01 1.535679756628878789e-01
1.995342465753424932e+01 4.000000000000000083e-02 1.942176979304071072e-01 4.889896972677494347e+00 3.101740869487523145e-01 1.510298689418224372e-01
1.995068493150684930e+01 4.000000000000000083e-02 1.948375330818764017e-01 4.889277170959770658e+00 3.095543885527775041e-01 1.516497403758860218e-01
1.994794520547945282e+01 4.000000000000000083e-02 1.976076799282437402e-01 4.886507156439003019e+00 3.067847829609220978e-01 1.544200308057047111e-01
1.994246575342465633e+01 4.000000000000000083e-02 1.974205908470324511e-01 4.886694240237108744e+00 3.069718504329471687e-01 1.542329359938998390e-01
1.993972602739725986e+01 4.000000000000000083e-02 1.975737198548129514e-01 4.886541115542629043e+00 3.068187390669211978e-01 1.543860696798408649e-01
1.993698630136986338e+01 4.000000000000000083e-02 1.959013071438557296e-01 4.888213482483381611e+00 3.084909645818716406e-01 1.527136073334299515e-01
1.993424657534246691e+01 4.000000000000000083e-02 1.956313352638365810e-01 4.888483448575305701e+00 3.087609127910629914e-01 1.524436291784757036e-01
1.993150684931506689e+01 4.000000000000000083e-02 1.947544306350447174e-01 4.889360334668173103e+00 3.096377416204085242e-01 1.515667044580454037e-01
1.992876712328767042e+01 4.000000000000000083e-02 1.957927342457189412e-01 4.888322050963526344e+00 3.085995194047500556e-01 1.526050296396374018e-01
1.992328767123288102e+01 4.000000000000000083e-02 1.962159563833181797e-01 4.887898835924308294e+00 3.081763262887791677e-01 1.530282594665978435e-01
1.992054794520548100e+01 4.000000000000000083e-02 1.975849315986412114e-01 4.886529882565790572e+00 3.068074404250304976e-01 1.543972583512519536e-01
1.991780821917808098e+01 4.000000000000000083e-02 2.000073265221491148e-01 4.884107514808413875e+00 3.043851565264950043e-01 1.568196826691238555e-01
1.991506849315068450e+01 4.000000000000000083e-02 1.994107915131955733e-01 4.884704046053997217e+00 3.049816761636651719e-01 1.562231435946210278e-01
1.991232876712328803e+01 4.000000000000000083e-02 1.997512271511109327e-01 4.884363612492684581e+00 3.046412490058534317e-01 1.565635814744943399e-01
1.990958904109589156e+01 4.000000000000000083e-02 2.012366247381971174e-01 4.882878223631557546e+00 3.031558870431916297e-01 1.580489884757131647e-01
1.990136986301369859e+01 4.000000000000000083e-02 2.011330371929158090e-01 4.882981810704570158e+00 3.032594726615001068e-01 1.579454004217250296e-01
1.989863013698630567e+01 4.000000000000000083e-02 2.032534405253216270e-01 4.880861416440628098e+00 3.011391063146979241e-01 1.600658135110870628e-01
1.989589041095890565e+01 4.000000000000000083e-02 2.038735785592910854e-01 4.880241280037030727e+00 3.005189749211953920e-01 1.606859532927633338e-01
1.989315068493150562e+01 4.000000000000000083e-02 2.026217776055072306e-01 4.881493077878379161e+00 3.017707632062764933e-01 1.594341490083605595e-01
1.989041095890410915e+01 4.000000000000000083e-02 2.040159563032484802e-01 4.880098902029840424e+00 3.003765960922765710e-01 1.608283307453742816e-01
1.988219178082191974e+01 4.000000000000000083e-02 2.039576696000394984e-01 4.880157188636775167e+00 3.004348824046434441e-01 1.607700439398812575e-01
1.987945205479451971e+01 4.000000000000000083e-02 2.014634238983165071e-01 4.882651430574623141e+00 3.029291128461958360e-01 1.582757942533248030e-01
1.987671232876712324e+01 4.000000000000000083e-02 2.003486334771760191e-01 4.883766220067513153e+00 3.040438995206634631e-01 1.571610028614269794e-01
1.987397260273972677e+01 4.000000000000000083e-02 2.003372497346795900e-01 4.883777603801454426e+00 3.040552832286993468e-01 1.571496191100366369e-01
1.987123287671233030e+01 4.000000000000000083e-02 1.979120299772620106e-01 4.886202821857815515e+00 3.064804961515292248e-01 1.547243975959965989e-01
1.986575342465753025e+01 4.000000000000000083e-02 1.978892922683697098e-01 4.886225559556858222e+00 3.065032338211197693e-01 1.547016598771351892e-01
1.986301369863013733e+01 4.000000000000000083e-02 1.971277597909963653e-01 4.886987091704666497e+00 3.072647649876154574e-01 1.539401270688875722e-01
1.986027397260274086e+01 4.000000000000000083e-02 1.991313858468210518e-01 4.884983466435648403e+00 3.052611420470715542e-01 1.559437539044779830e-01
1.985753424657534083e+01 4.000000000000000083e-02 1.975028054610002692e-01 4.886612046382067476e+00 3.068897207119508086e-01 1.543151730966034196e-01
1.985479452054794436e+01 4.000000000000000083e-02 1.955665812543778137e-01 4.888548270176483079e+00 3.088259433212204863e-01 1.523789485062101434e-01
1.985205479452054789e+01 4.000000000000000083e-02 1.962109315880523064e-01 4.887903919948316300e+00 3.081815933907075533e-01 1.530232989340672423e-01
1.984383561643835492e+01 4.000000000000000083e-02 1.969745594573712733e-01 4.887140292200703229e+00 3.074179659827004918e-01 1.537869269093521951e-01
1.984109589041095845e+01 4.000000000000000083e-02 1.971044164414134103e-01 4.887010435236504691e+00 3.072881090731675591e-01 1.539167839101592827e-01
1.983835616438355842e+01 4.000000000000000083e-02 1.936430979590922086e-01 4.890471753269728161e+00 3.107494258989316749e-01 1.504554650693789297e-01
1.983561643835616906e+01 4.000000000000000083e-02 1.943575948949596843e-01 4.889757256378833183e+00 3.100349291196052293e-01 1.511699620344794104e-01
1.983287671232876548e+01 4.000000000000000083e-02 1.960593701637750041e-01 4.888055481214414577e+00 3.083331542074166931e-01 1.528717373663556756e-01
1.982739726027397253e+01 4.000000000000000083e-02 1.962701239786550367e-01 4.887844727410813661e+00 3.081224004298495633e-01 1.530824911871917771e-01
1.982465753424657606e+01 4.000000000000000083e-02 1.966333609139317706e-01 4.887481490495400926e+00 3.077591635591189756e-01 1.534457281320973365e-01
1.982191780821917959e+01 4.000000000000000083e-02 1.949797550731012241e-01 4.889135096246194578e+00 3.094127691143165881e-01 1.517921222524961922e-01
1.981917808219177957e+01 4.000000000000000083e-02 1.947798685391331497e-01 4.889334982771041282e+00 3.096126556207167702e-01 1.515922357155817524e-01
1.981643835616438309e+01 4.000000000000000083e-02 1.947449693081395317e-01 4.889369882000386802e+00 3.096475548468598515e-01 1.515573364841421578e-01
