1.081095890410958837e+01 4.000000000000000083e-02 1.025905237182496432e-01 4.997409476943087903e+00 3.025905233252180193e-01 2.759052326858680779e-02
1.080821917808219190e+01 4.000000000000000083e-02 1.001821950401271949e-01 4.999817805290245332e+00 3.001821948437865539e-01 2.518219481549626229e-02
1.080547945205479365e+01 4.000000000000000083e-02 9.928120232973529358e-02 5.000718797905735258e+00 2.992812021897901520e-01 2.428120216962618982e-02
1.080000000000000071e+01 4.000000000000000083e-02 9.960532545167291585e-02 5.000394674819804486e+00 2.996053252903271291e-01 2.460532526707916168e-02
1.079726027397260246e+01 4.000000000000000083e-02 9.931177480716257833e-02 5.000688225428548961e+00 2.993117746670720947e-01 2.431177464688686132e-02
1.079452054794520599e+01 4.000000000000000083e-02 9.962535923402965343e-02 5.000374641043575430e+00 2.996253590690452495e-01 2.462535904527298272e-02
1.079178082191780774e+01 4.000000000000000083e-02 9.875816942510956542e-02 5.001241830726604221e+00 2.987581693349432022e-01 2.375816932195084011e-02
1.078904109589041127e+01 4.000000000000000083e-02 1.008888390535169072e-01 4.999111161396192493e+00 3.008888387862518332e-01 2.588883874774164373e-02
1.078630136986301125e+01 4.000000000000000083e-02 1.033003193752657367e-01 4.998376374156215718e+00 3.050743087192213099e-01 3.374887875751392263e-02
1.078082191780821830e+01 4.000000000000000083e-02 1.029848939598905916e-01 4.998689552449707918e+00 3.047561121395408468e-01 3.342650759331501631e-02
1.077808219178082183e+01 4.000000000000000083e-02 1.032258822979682245e-01 4.998450264916861840e+00 3.049991974433964304e-01 3.367275085465808865e-02
1.077534246575342358e+01 4.000000000000000083e-02 1.048749770644413493e-01 4.996922353531547678e+00 3.090157668075368957e-01 3.736512658245207813e-02
1.077260273972602889e+01 4.000000000000000083e-02 1.037097068110587744e-01 4.999255435455043362e+00 3.085962980874439876e-01 3.967064172414838663e-02
1.076986301369863064e+01 4.000000000000000083e-02 1.079827702606270257e-01 4.993055846796623065e+00 3.173812442996635785e-01 4.074338035201373331e-02
1.076712328767123239e+01 4.000000000000000083e-02 1.022040906115823516e-01 5.000839843705300325e+00 3.159620095769986592e-01 4.347759647594515858e-02
1.075890410958903942e+01 4.000000000000000083e-02 1.049306996449024115e-01 4.997378757277196826e+00 3.210091705811867202e-01 4.597418423563829487e-02
1.075616438356164473e+01 4.000000000000000083e-02 1.072906239078608853e-01 4.995004601176515457e+00 3.232074224773293092e-01 4.816389145850064057e-02
1.075342465753424648e+01 4.000000000000000083e-02 1.071066709971018882e-01 4.995189562226357793e+00 3.230350356713266313e-01 4.799212167197222656e-02
1.075068493150685001e+01 4.000000000000000083e-02 1.037214011423637922e-01 4.998468793416797951e+00 3.229258876143186741e-01 4.676325625248562573e-02
1.074794520547945176e+01 4.000000000000000083e-02 1.017183755778535703e-01 5.001516866425031793e+00 3.215196493522900489e-01 4.798741431678289066e-02
1.073972602739726057e+01 4.000000000000000083e-02 9.975881173724317208e-02 5.003445809851969628e+00 3.194369863512164232e-01 4.586457094740933882e-02
1.073698630136986232e+01 4.000000000000000083e-02 1.019318676368451970e-01 5.002789805093069475e+00 3.241896701401215664e-01 5.385117566838252406e-02
1.073424657534246585e+01 4.000000000000000083e-02 1.044532160684490812e-01 4.999493976835980291e+00 3.279890904745810243e-01 5.529314087722939086e-02
1.073150684931506937e+01 4.000000000000000083e-02 1.030878528662469984e-01 5.000584423354620611e+00 3.272925491153543254e-01 5.370957921479617425e-02
1.072876712328767113e+01 4.000000000000000083e-02 1.030312698668146010e-01 5.000643745079673685e+00 3.272355169382855089e-01 5.366008915084005682e-02
1.072328767123287641e+01 4.000000000000000083e-02 9.966593561759252984e-02 5.005475260447497021e+00 3.247209807908421619e-01 5.479396759421049923e-02
1.072054794520547993e+01 4.000000000000000083e-02 9.721474898164990386e-02 5.007888523656881752e+00 3.221910487220804864e-01 5.219586754404106216e-02
1.071780821917808169e+01 4.000000000000000083e-02 9.359769656816872840e-02 5.011469890462702637e+00 3.185018372375160722e-01 4.844625614771118360e-02
1.071506849315068344e+01 4.000000000000000083e-02 9.873984272123477457e-02 5.007810310326469505e+00 3.260790183442441870e-01 5.909327003813170942e-02
1.071232876712328874e+01 4.000000000000000083e-02 9.741810606719109034e-02 5.009120837158010708e+00 3.247349734487620099e-01 5.773014218581348084e-02
1.070958904109589049e+01 4.000000000000000083e-02 9.390914451888693337e-02 5.012602667516292243e+00 3.211722127170587582e-01 5.412156677430494944e-02
1.070410958904109577e+01 4.000000000000000083e-02 9.197070636485749073e-02 5.014529647519577971e+00 3.192112362010614546e-01 5.214158730141670722e-02
1.070136986301369930e+01 4.000000000000000083e-02 9.508287588175373672e-02 5.011433737528880883e+00 3.223552877529661798e-01 5.531241568850387563e-02
1.069863013698629928e+01 4.000000000000000083e-02 9.713199655775882346e-02 5.009393166616888493e+00 3.244210953981363499e-01 5.739215895475673762e-02
1.069589041095890458e+01 4.000000000000000083e-02 1.009076979415097913e-01 5.006381254513632584e+00 3.309897916758495762e-01 6.509193394749476780e-02
1.069315068493150633e+01 4.000000000000000083e-02 1.028747932142394378e-01 5.003924215017195642e+00 3.336092199771872879e-01 6.632271911661205555e-02
1.069041095890410986e+01 4.000000000000000083e-02 1.029874649929090197e-01 5.003809960894134434e+00 3.337093571515315493e-01 6.642205471449436072e-02
1.068493150684931514e+01 4.000000000000000083e-02 1.046503181736564980e-01 5.002123941131786822e+00 3.351884309662626626e-01 6.788936084569965890e-02
1.068219178082192045e+01 4.000000000000000083e-02 1.082296549701396160e-01 4.994719738846137957e+00 3.573587936803421794e-01 7.136404147080084581e-02
1.067945205479452042e+01 4.000000000000000083e-02 1.084973288630822763e-01 4.994425731479470443e+00 3.574401946285646892e-01 7.135568861071865665e-02
1.067671232876712395e+01 4.000000000000000083e-02 1.116431513237347156e-01 4.991838559720078727e+00 3.514981110830060484e-01 6.902921086862617850e-02
1.067397260273972570e+01 4.000000000000000083e-02 1.097804747205849418e-01 4.993509485431438577e+00 3.509863303640879395e-01 6.740040458767615483e-02
1.067123287671232923e+01 4.000000000000000083e-02 1.086746912616723681e-01 4.994217771305736520e+00 3.525911487433511238e-01 6.683770636296954004e-02
1.066575342465753629e+01 4.000000000000000083e-02 1.085600619344540552e-01 4.994320714495036562e+00 3.525594804065335652e-01 6.673734034886566469e-02
1.066301369863013626e+01 4.000000000000000083e-02 1.190378500701615161e-01 4.986085176739978309e+00 3.437507873416163484e-01 7.387579734784144314e-02
1.066027397260273979e+01 4.000000000000000083e-02 1.242767180582807635e-01 4.981666155083356529e+00 3.391621386572886143e-01 7.788650893269591369e-02
1.065753424657534332e+01 4.000000000000000083e-02 1.186195917322254850e-01 4.987600461199090951e+00 3.309305778429375011e-01 7.164095298495086472e-02
1.065479452054794329e+01 4.000000000000000083e-02 1.242082598592642168e-01 4.983206882283246486e+00 3.167856553622251381e-01 7.533962998526962107e-02
1.065205479452054860e+01 4.000000000000000083e-02 1.297937748666234958e-01 4.981456390810247825e+00 3.494062829153912753e-01 7.492096818290691629e-02
1.064657534246575388e+01 4.000000000000000083e-02 1.287860259899906712e-01 4.982514596429293618e+00 3.486839653910548398e-01 7.380920751002727209e-02
1.064383561643835563e+01 4.000000000000000083e-02 1.284616907881511172e-01 4.982830159067339615e+00 3.482992236056619006e-01 7.349575147348903770e-02
1.064109589041095916e+01 4.000000000000000083e-02 1.250167603822778251e-01 4.986156141632578809e+00 3.425018795498249169e-01 7.021213938061170168e-02
1.063835616438355913e+01 4.000000000000000083e-02 1.230953425457021327e-01 4.988528503909189560e+00 3.353416256438515042e-01 6.752803145346779334e-02
1.063561643835616444e+01 4.000000000000000083e-02 1.223963993394715788e-01 4.989451062607666465e+00 3.320816579541292501e-01 6.645358543512529248e-02
1.063287671232876797e+01 4.000000000000000083e-02 1.246567070470224886e-01 4.987382693474229356e+00 3.324784029331326329e-01 6.841678952626926991e-02
1.062739726027397147e+01 4.000000000000000083e-02 1.251403956742789259e-01 4.986906220584157445e+00 3.329351441451605109e-01 6.889247122081428032e-02
1.062465753424657677e+01 4.000000000000000083e-02 1.246801672338188754e-01 4.987359624373225664e+00 3.325004119093482591e-01 6.843981585547134761e-02
1.062191780821918030e+01 4.000000000000000083e-02 1.319681792443009039e-01 4.985831269228770957e+00 3.898605021873181586e-01 6.880083951620478977e-02
1.061917808219178028e+01 4.000000000000000083e-02 1.335529235635864453e-01 4.984445618761433217e+00 4.043231051216790717e-01 6.750446287198193229e-02
1.061643835616438380e+01 4.000000000000000083e-02 1.358422833315643119e-01 4.982233403218081058e+00 4.294591318638855126e-01 6.565149551118525106e-02
1.061369863013698556e+01 4.000000000000000083e-02 1.371562200945156962e-01 4.981191235985718002e+00 4.352521245823868790e-01 6.475265767283248930e-02
1.060821917808219261e+01 4.000000000000000083e-02 1.376836246170050349e-01 4.980659834917384288e+00 4.353039371522609557e-01 6.501559959662595034e-02
1.060547945205479436e+01 4.000000000000000083e-02 1.396078989628029843e-01 4.981273049492631166e+00 4.448613709208882327e-01 6.090258008895741565e-02
1.060273972602739789e+01 4.000000000000000083e-02 1.379850566871720641e-01 4.982695929259952194e+00 4.471666433749954539e-01 6.054860074352918370e-02
1.059999999999999964e+01 4.000000000000000083e-02 1.371217593063580875e-01 4.983465666200458166e+00 4.483130180232525741e-01 6.034595406436062126e-02
1.059726027397260317e+01 4.000000000000000083e-02 1.411217558362069524e-01 4.987664023097216237e+00 4.344192064862336666e-01 6.681486197753905287e-02
1.058904109589041020e+01 4.000000000000000083e-02 1.416668804297538109e-01 4.987066275459760334e+00 4.340004675010656898e-01 6.703441570144191841e-02
1.058630136986301373e+01 4.000000000000000083e-02 1.419756692459346603e-01 4.986728011639265823e+00 4.337627949217771617e-01 6.715929445423064748e-02
1.058356164383561548e+01 4.000000000000000083e-02 1.448088809428106083e-01 4.983641209530930816e+00 4.315585547334293004e-01 6.832977457203097404e-02
1.058082191780822079e+01 4.000000000000000083e-02 1.418305439908710830e-01 4.990217880402751938e+00 4.574006447700313949e-01 6.012054022636444811e-02
1.057808219178082432e+01 4.000000000000000083e-02 1.444953699833122496e-01 4.987921604125229003e+00 4.585937776613796535e-01 5.339883249085715378e-02
1.057534246575342429e+01 4.000000000000000083e-02 1.443640499611930916e-01 4.988045039729725794e+00 4.588283475796172128e-01 5.341775264847126864e-02
1.056986301369862957e+01 4.000000000000000083e-02 1.438935797452736698e-01 4.988646637579881471e+00 4.650717363251934411e-01 4.774019172909524378e-02
1.056712328767123132e+01 4.000000000000000083e-02 1.412803499184410727e-01 4.991995257403532449e+00 4.685421186030429008e-01 7.582682363485157562e-02
1.056438356164383663e+01 4.000000000000000083e-02 1.379868167130076095e-01 4.996646617932093193e+00 4.730751068566990125e-01 1.240119673351457036e-01
1.056164383561643838e+01 4.000000000000000083e-02 1.421131656930272602e-01 4.993124972146269158e+00 4.819222201859108545e-01 1.007423671073092164e-01
1.055890410958904191e+01 4.000000000000000083e-02 1.422972559161329031e-01 4.992946140603866212e+00 4.817465626709003246e-01 1.005512236661662839e-01
1.055616438356164366e+01 4.000000000000000083e-02 1.467127887380723916e-01 4.989402715516637166e+00 4.965751148337722021e-01 6.201097332519805300e-02
1.055068493150684716e+01 4.000000000000000083e-02 1.464215642884346691e-01 4.989687298439224428e+00 4.968220848797847977e-01 6.234533779951203364e-02
1.054794520547945247e+01 4.000000000000000083e-02 1.481616362286775346e-01 4.988312259863202591e+00 5.034110804271811901e-01 4.551092379042600417e-02
1.054520547945205422e+01 4.000000000000000083e-02 1.481786285502543210e-01 4.988295640187806690e+00 5.033967941982875338e-01 4.549123432186335386e-02
1.054246575342465775e+01 4.000000000000000083e-02 1.467721008202092503e-01 4.989671563947756461e+00 5.045807273775038126e-01 4.711874344339907206e-02
1.053972602739725950e+01 4.000000000000000083e-02 1.504069268857057273e-01 4.986826558943821652e+00 5.186220521022010255e-01 8.992284657755511210e-03
1.053698630136986480e+01 4.000000000000000083e-02 1.545888636234110658e-01 4.985764146020938981e+00 5.285637660537321203e-01 -4.008891629147369462e-02
1.053150684931506831e+01 4.000000000000000083e-02 1.544585454943049330e-01 4.985891023526317412e+00 5.286674278293147511e-01 -3.992002127771426129e-02
1.052876712328767184e+01 4.000000000000000083e-02 1.502156913733775079e-01 4.990433892408326244e+00 5.322905639378856524e-01 -1.999561476296373569e-02
1.052602739726027359e+01 4.000000000000000083e-02 1.483330054562804756e-01 4.992288943902813081e+00 5.338967767421476385e-01 -1.774573107294443244e-02
1.052328767123287534e+01 4.000000000000000083e-02 1.460027995367738640e-01 4.995494591045017252e+00 5.363870427126954388e-01 1.600492278536276222e-02
1.052054794520548064e+01 4.000000000000000083e-02 1.434432310747203454e-01 4.999030817565701668e+00 5.391853069095851048e-01 5.291333642144653571e-02
1.051780821917808240e+01 4.000000000000000083e-02 1.463604880810382702e-01 4.996121569175073773e+00 5.365471568215058884e-01 4.950288345737718226e-02
1.051232876712328768e+01 4.000000000000000083e-02 1.468017824981040498e-01 4.995681311784465173e+00 5.361427147427280104e-01 4.900009061109312364e-02
1.050958904109589120e+01 4.000000000000000083e-02 1.444574250987908370e-01 4.998020308752538554e+00 5.382959440279108110e-01 5.166032507041454225e-02
1.050684931506849118e+01 4.000000000000000083e-02 1.488195976922401520e-01 4.993666124790117955e+00 5.342255934874737822e-01 4.684744154416904671e-02
1.050410958904109648e+01 4.000000000000000083e-02 1.443828176690404308e-01 4.998493654704855516e+00 5.386947129829973147e-01 6.382811796041940045e-02
1.050136986301369824e+01 4.000000000000000083e-02 1.423967044776345559e-01 5.000483363692464600e+00 5.406202387465628423e-01 6.593905731604521314e-02
1.049863013698630176e+01 4.000000000000000083e-02 1.468873275926098343e-01 4.995985671676264062e+00 5.362495071873316643e-01 6.120612965170559722e-02
1.049315068493150882e+01 4.000000000000000083e-02 1.475707049794015291e-01 4.995301489679441431e+00 5.355799184282052927e-01 6.049569802896209020e-02
1.049041095890410880e+01 4.000000000000000083e-02 1.496438487823327779e-01 4.993225959516951029e+00 5.335476997760014717e-01 5.834242145207575031e-02
1.048767123287671232e+01 4.000000000000000083e-02 1.452562229635928903e-01 4.997617890581176781e+00 5.378611359494551714e-01 6.287336005736121614e-02
1.048493150684931585e+01 4.000000000000000083e-02 1.450715650328679163e-01 4.997802681128990621e+00 5.380434925485674258e-01 6.306237844484380295e-02
1.048219178082191760e+01 4.000000000000000083e-02 1.446429148776597062e-01 4.998231638734789151e+00 5.384668072470926159e-01 6.350113726218375998e-02
1.047945205479451936e+01 4.000000000000000083e-02 1.446208334116688143e-01 4.998253735974424572e+00 5.384886149535794697e-01 6.352373728375380890e-02
1.047123287671232816e+01 4.000000000000000083e-02 1.472270556639120320e-01 4.995645714793087500e+00 5.359136368438705000e-01 6.085844877749985865e-02
1.046849315068493169e+01 4.000000000000000083e-02 1.486539698584654068e-01 4.994217997737236736e+00 5.345007157173455870e-01 5.940533072316400709e-02
1.046575342465753167e+01 4.000000000000000083e-02 1.510747765154267508e-01 4.991795952217331411e+00 5.321015328801598221e-01 5.694418891807653815e-02
1.046301369863013520e+01 4.000000000000000083e-02 1.510909351238266252e-01 4.991779786761092019e+00 5.320854940904694574e-01 5.692780826066034389e-02
1.046027397260274050e+01 4.000000000000000083e-02 1.521434336749746263e-01 4.990726844881684166e+00 5.310407533946006620e-01 5.586093567017090533e-02
1.045479452054794578e+01 4.000000000000000083e-02 1.518562647312228786e-01 4.991014128954923912e+00 5.313259064592237291e-01 5.615183403190764089e-02
1.045205479452054753e+01 4.000000000000000083e-02 1.557532005758111293e-01 4.993475476077309239e+00 5.371074994754887477e-01 2.916777809454330992e-03
1.044931506849315284e+01 4.000000000000000083e-02 1.532761985053815723e-01 4.995879148359536615e+00 5.394049969527159316e-01 5.738337221795104456e-03
1.044657534246575281e+01 4.000000000000000083e-02 1.550491749346065706e-01 4.995197163266423601e+00 5.349080019399843344e-01 2.051889397114388131e-03
1.044383561643835634e+01 4.000000000000000083e-02 1.556797009139213595e-01 4.995494511785397940e+00 5.318393614484875354e-01 -1.360083806586702372e-04
1.044109589041095809e+01 4.000000000000000083e-02 1.610062023616738447e-01 4.991063694033375242e+00 5.329017010611486471e-01 -2.081719768661108999e-02
1.043561643835616337e+01 4.000000000000000083e-02 1.612906900149037870e-01 4.990761211881266313e+00 5.325718711896216817e-01 -2.081879680029846344e-02
1.043287671232876868e+01 4.000000000000000083e-02 1.686072000320635034e-01 4.981503695424339462e+00 5.197048930940917355e-01 1.874155915136267031e-02
1.043013698630137043e+01 4.000000000000000083e-02 1.725553392974000233e-01 4.977207009808657823e+00 5.147760016894380453e-01 2.531213607672177027e-02
1.042739726027397218e+01 4.000000000000000083e-02 1.656380226426464042e-01 4.983730865181994929e+00 5.204915989312386415e-01 4.340937278602340077e-02
1.042465753424657571e+01 4.000000000000000083e-02 1.616901065178104335e-01 4.987758544027503405e+00 5.246520593129010424e-01 4.345583311720704889e-02
1.042191780821917568e+01 4.000000000000000083e-02 1.631048489988630723e-01 4.986317930764687212e+00 5.231687014833850125e-01 4.343835108259742200e-02
1.041369863013698627e+01 4.000000000000000083e-02 1.648346604304872232e-01 4.984557158229893759e+00 5.213568526054636054e-01 4.341675185277064919e-02
1.041095890410958980e+01 4.000000000000000083e-02 1.648743674580472884e-01 4.984516758877380660e+00 5.213153132089232145e-01 4.341624967535956392e-02
1.040821917808219155e+01 4.000000000000000083e-02 1.600308063323153118e-01 4.989438776941357290e+00 5.263658484292947914e-01 4.347959377310882390e-02
1.040547945205479685e+01 4.000000000000000083e-02 1.569079990296787241e-01 4.993944574959537697e+00 5.352474275123254577e-01 -4.076959046597794858e-03
1.040273972602739683e+01 4.000000000000000083e-02 1.592090888148340322e-01 4.991566796194674360e+00 5.396352216325311923e-01 -3.229438624269906355e-02
1.039726027397260211e+01 4.000000000000000083e-02 1.588705522788873281e-01 4.991911367141250722e+00 5.398028674365973334e-01 -3.152064450319121830e-02
1.039452054794520564e+01 4.000000000000000083e-02 1.620482794745833621e-01 4.988609878355029892e+00 5.494542344720050320e-01 -8.002215438532969682e-02
1.039178082191780739e+01 4.000000000000000083e-02 1.607275525256755266e-01 4.989951532041498439e+00 5.501225522587070982e-01 -7.728280870210579856e-02
1.038904109589041269e+01 4.000000000000000083e-02 1.560200629591738386e-01 4.997301646304270761e+00 5.456105276939120508e-01 -7.618862535926569646e-02
1.038630136986301444e+01 4.000000000000000083e-02 1.527022946426603300e-01 5.002149893242600065e+00 5.433603189163961344e-01 -7.520423194853806392e-02
1.038356164383561620e+01 4.000000000000000083e-02 1.482262335236346762e-01 5.007699711434619338e+00 5.483567945149748768e-01 -7.009580196333840309e-03
1.037534246575342323e+01 4.000000000000000083e-02 1.497422590844646739e-01 5.006247529077560543e+00 5.469039778716873190e-01 -9.030900102076468497e-03
1.037260273972602853e+01 4.000000000000000083e-02 1.454314304476782282e-01 5.011135708017020463e+00 5.514969838589965923e-01 2.405179428209649681e-02
1.036986301369863028e+01 4.000000000000000083e-02 1.499887087881288106e-01 5.006672452544922436e+00 5.470402671260259364e-01 1.856242849953118265e-02
1.036712328767123203e+01 4.000000000000000083e-02 1.525302021337228142e-01 5.004170983116317473e+00 5.445416028533980324e-01 1.565496496893847150e-02
1.036438356164383556e+01 4.000000000000000083e-02 1.556848877001371645e-01 5.003422473082947519e+00 5.347857948181239385e-01 8.188667899559218949e-03
1.035890410958904084e+01 4.000000000000000083e-02 1.564099110021934247e-01 5.002613214835533562e+00 5.343380914220556832e-01 7.537041678263467492e-03
1.035616438356164437e+01 4.000000000000000083e-02 1.517217973327328329e-01 5.009311812814238429e+00 5.328515580553705444e-01 9.268042668492073102e-03
1.035342465753424612e+01 4.000000000000000083e-02 1.507914399408500916e-01 5.010218737032380965e+00 5.338053886557364569e-01 1.029634009770669795e-02
1.035068493150684965e+01 4.000000000000000083e-02 1.493058832035204508e-01 5.011667743323951818e+00 5.353274912910271910e-01 1.193392056129290515e-02
1.034794520547945140e+01 4.000000000000000083e-02 1.501506038434634038e-01 5.010842804837778885e+00 5.344630634702387528e-01 1.100771278368953103e-02
1.034520547945205671e+01 4.000000000000000083e-02 1.489011127544817292e-01 5.012063754282910288e+00 5.357409370071111177e-01 1.237422072145841039e-02
1.033972602739726021e+01 4.000000000000000083e-02 1.487732822455010984e-01 5.012188798730043970e+00 5.358715291078373077e-01 1.251337795402135411e-02
1.033698630136986374e+01 4.000000000000000083e-02 1.511151327143476220e-01 5.009896344405583513e+00 5.334808322124814373e-01 9.971948031826587816e-03
1.033424657534246371e+01 4.000000000000000083e-02 1.525813881955574713e-01 5.008454899666029192e+00 5.319903491550961316e-01 8.408619867994198208e-03
1.033150684931506724e+01 4.000000000000000083e-02 1.525952014382627175e-01 5.008441300714692623e+00 5.319763275447900730e-01 8.393977111673951719e-03
1.032876712328767077e+01 4.000000000000000083e-02 1.466923027984968486e-01 5.014277498810209899e+00 5.379431588710145151e-01 1.454603935092207111e-02
1.032602739726027430e+01 4.000000000000000083e-02 1.419122529416937395e-01 5.020230905651961173e+00 5.434650936702611901e-01 5.645796893995862209e-02
1.032054794520547958e+01 4.000000000000000083e-02 1.430312103075310204e-01 5.019106180863666111e+00 5.423375973702043717e-01 5.526332982405884192e-02
1.031780821917807955e+01 4.000000000000000083e-02 1.438490054773742810e-01 5.018284257635177603e+00 5.415136908834532470e-01 5.439147126243869951e-02
1.031506849315068486e+01 4.000000000000000083e-02 1.436258481820391342e-01 5.018508527564911503e+00 5.417384952882544624e-01 5.462918367943336156e-02
1.031232876712328839e+01 4.000000000000000083e-02 1.428420059996601543e-01 5.019296263617126108e+00 5.425281017637345604e-01 5.546394712354889289e-02
1.030958904109589014e+01 4.000000000000000083e-02 1.386149000912013374e-01 5.024786350250184164e+00 5.475302539248072531e-01 9.952069814084535393e-02
1.030684931506849367e+01 4.000000000000000083e-02 1.380256733818097659e-01 5.025382300672804448e+00 5.481249297802505138e-01 1.001688551921198767e-01
1.030136986301370072e+01 4.000000000000000083e-02 1.383873891984404025e-01 5.025016490820375381e+00 5.477598959190157490e-01 9.977129640662123211e-02
1.029863013698630070e+01 4.000000000000000083e-02 1.353445000998629300e-01 5.029113893683622827e+00 5.514419750811077048e-01 1.356060056373859235e-01
1.029589041095890423e+01 4.000000000000000083e-02 1.417613565514744822e-01 5.022626445786005256e+00 5.449741624923201133e-01 1.286266515250629183e-01
1.029315068493150598e+01 4.000000000000000083e-02 1.400070451144969363e-01 5.024391322911161417e+00 5.467361154292735836e-01 1.304612297796845510e-01
1.029041095890410951e+01 4.000000000000000083e-02 1.394599166440783911e-01 5.024941605939618583e+00 5.472855256341336849e-01 1.310322622227504119e-01
1.028767123287671126e+01 4.000000000000000083e-02 1.447345314271169525e-01 5.019640093054560381e+00 5.419914492189434885e-01 1.255553016524995902e-01
1.028219178082191831e+01 4.000000000000000083e-02 1.448070200302783717e-01 5.019567353792231401e+00 5.419187791381702146e-01 1.254809561081969838e-01
1.027945205479452007e+01 4.000000000000000083e-02 1.414638705447764655e-01 5.022921604735720358e+00 5.452699665755809111e-01 1.289062317882655739e-01
1.027671232876712359e+01 4.000000000000000083e-02 1.425638415266975156e-01 5.021818583800368607e+00 5.441677868023422349e-01 1.277838142856604076e-01
1.027397260273972357e+01 4.000000000000000083e-02 1.427409226191516389e-01 5.021641022302764767e+00 5.439903577898114184e-01 1.276031996017689685e-01
1.027123287671232887e+01 4.000000000000000083e-02 1.468167682637718241e-01 5.017554974579476301e+00 5.399071228741020301e-01 1.234524794639705741e-01
1.026849315068493063e+01 4.000000000000000083e-02 1.448879639228721206e-01 5.019487196053267652e+00 5.418384029310695515e-01 1.254061944224298952e-01
1.026301369863013768e+01 4.000000000000000083e-02 1.447610373109751991e-01 5.019614331093694481e+00 5.419654805574006806e-01 1.255346386232471245e-01
1.026027397260273943e+01 4.000000000000000083e-02 1.427445838348429807e-01 5.021634033740649983e+00 5.439842882096841414e-01 1.275747425318807804e-01
1.025753424657534474e+01 4.000000000000000083e-02 1.432802149486039900e-01 5.021097632423289880e+00 5.434480990092245278e-01 1.270335142045964372e-01
1.025479452054794471e+01 4.000000000000000083e-02 1.469483693049101758e-01 5.017424664502122766e+00 5.397764565697551475e-01 1.233304245395405729e-01
1.025205479452054824e+01 4.000000000000000083e-02 1.462519130346434659e-01 5.018121743328893380e+00 5.404733640391744531e-01 1.240313821325376570e-01
1.024931506849314999e+01 4.000000000000000083e-02 1.497329900649433110e-01 5.014637803056363197e+00 5.369902118095426502e-01 1.205296176270028718e-01
1.024383561643835527e+01 4.000000000000000083e-02 1.500353838641929616e-01 5.014335230755925465e+00 5.366876886267039071e-01 1.202259367953916885e-01
1.024109589041096058e+01 4.000000000000000083e-02 1.514170505585903936e-01 5.012952758285420529e+00 5.353054378798878243e-01 1.188384605926947751e-01
1.023835616438356233e+01 4.000000000000000083e-02 1.526374138536564229e-01 5.011731734299501362e+00 5.340845956897494196e-01 1.176133355846280398e-01
1.023561643835616408e+01 4.000000000000000083e-02 1.547797194459989145e-01 5.011073314065142448e+00 5.277351294153598271e-01 1.132694333703622991e-01
1.023287671232876761e+01 4.000000000000000083e-02 1.512994110639458989e-01 5.016210049599238552e+00 5.262876205139718211e-01 1.142314189653707013e-01
1.023013698630136936e+01 4.000000000000000083e-02 1.511959495177779556e-01 5.016311845802946756e+00 5.263949533089044008e-01 1.143373075722362020e-01
1.022465753424657642e+01 4.000000000000000083e-02 1.524695519378500563e-01 5.018039246504677031e+00 5.162751756688993554e-01 1.085060234391721085e-01
1.022191780821917817e+01 4.000000000000000083e-02 1.545236507169283069e-01 5.016468814367855522e+00 5.127852072812215667e-01 1.057095711069729466e-01
1.021917808219178170e+01 4.000000000000000083e-02 1.543539662568674531e-01 5.016656566601948697e+00 5.128970825365092301e-01 1.058506649746056155e-01
1.021643835616438345e+01 4.000000000000000083e-02 1.585671318698991528e-01 5.011950186142329677e+00 5.271293842748608904e-01 8.063808727837831758e-02
1.021369863013698875e+01 4.000000000000000083e-02 1.616843005575071268e-01 5.008571029495474392e+00 5.386485409653906098e-01 5.970807274492091754e-02
1.021095890410958873e+01 4.000000000000000083e-02 1.584351496077114341e-01 5.011981219645394781e+00 5.408078455019754704e-01 6.288472173191675396e-02
1.020273972602739754e+01 4.000000000000000083e-02 1.596178123225331924e-01 5.010750399360400564e+00 5.399819036880437739e-01 6.172413222312361086e-02
1.019999999999999929e+01 4.000000000000000083e-02 1.659804696295137660e-01 5.003434167436476621e+00 5.674479327797669059e-01 1.272138452209811178e-02
1.019726027397260459e+01 4.000000000000000083e-02 1.617764669406412392e-01 5.007731547905633462e+00 5.702464257393270453e-01 1.748947801937690213e-02
1.019452054794520635e+01 4.000000000000000083e-02 1.644642465434763556e-01 5.004994973773690070e+00 5.683609314040325433e-01 1.451566681577574555e-02
1.019178082191780810e+01 4.000000000000000083e-02 1.640005205176303660e-01 5.005466467502175831e+00 5.686926720622151876e-01 1.502446417251937158e-02
1.018630136986301160e+01 4.000000000000000083e-02 1.638591316088462702e-01 5.005610217855998911e+00 5.687938892750674658e-01 1.517955025975507508e-02
1.018356164383561513e+01 4.000000000000000083e-02 1.658962061418352563e-01 5.003539644382406060e+00 5.673302923624229388e-01 1.294854761668179713e-02
1.018082191780822043e+01 4.000000000000000083e-02 1.684431707891618779e-01 5.000053239063592336e+00 5.723984839925202461e-01 1.011761980840882730e-02
1.017808219178082219e+01 4.000000000000000083e-02 1.680945916405320595e-01 5.000189971859821725e+00 5.734848779056729295e-01 1.161322174658377046e-02
1.017534246575342394e+01 4.000000000000000083e-02 1.697554125900492816e-01 4.998415891094219354e+00 5.787312880036832308e-01 1.974810315951283386e-03
1.017260273972602747e+01 4.000000000000000083e-02 1.699175410187448165e-01 4.998256305255987186e+00 5.785917768090728108e-01 1.775093336831118276e-03
1.016712328767123275e+01 4.000000000000000083e-02 1.697985880606012188e-01 4.998373397080404068e+00 5.786941673759278260e-01 1.921534284615502956e-03
1.016438356164383627e+01 4.000000000000000083e-02 1.712057075047998533e-01 4.997011502313037923e+00 5.838899441333030849e-01 -8.685207020911810821e-03
1.016164383561643803e+01 4.000000000000000083e-02 1.739655087063563810e-01 4.994361222937345524e+00 6.014645135384899532e-01 -4.204879446846772340e-02
1.015890410958904155e+01 4.000000000000000083e-02 1.726253451148445639e-01 4.995692489391506008e+00 6.025308168305951728e-01 -4.038806254018760533e-02
1.015616438356164331e+01 4.000000000000000083e-02 1.790178510922326161e-01 4.989446108004473857e+00 6.260103479853490471e-01 -9.600915778580716708e-02
1.015342465753424861e+01 4.000000000000000083e-02 1.781280410330631780e-01 4.990334045702189414e+00 6.266706851460573935e-01 -9.484892323511151524e-02
1.014794520547945211e+01 4.000000000000000083e-02 1.798853779045589685e-01 4.988592973921814000e+00 6.283738333980163349e-01 -1.020425208448177690e-01
1.014520547945205564e+01 4.000000000000000083e-02 1.859691886816789708e-01 4.983094827356523204e+00 6.286682270075539813e-01 -1.226288657597977005e-01
1.014246575342465562e+01 4.000000000000000083e-02 1.865621784155356566e-01 4.982503614271643677e+00 6.279736651404643766e-01 -1.229514744867991338e-01
1.013972602739725914e+01 4.000000000000000083e-02 1.796075275368376190e-01 4.989483665743123630e+00 6.451521240871307405e-01 -1.371838306027966525e-01
1.013698630136986445e+01 4.000000000000000083e-02 1.811572911997886004e-01 4.987938348477035433e+00 6.440196319013541393e-01 -1.392625106876118624e-01
1.013424657534246620e+01 4.000000000000000083e-02 1.827708111367017663e-01 4.986329338946235090e+00 6.428334003507376604e-01 -1.414047288151431825e-01
1.012876712328767148e+01 4.000000000000000083e-02 1.819719691499517289e-01 4.987126008247190434e+00 6.434243962983469123e-01 -1.403549338846419858e-01
1.012602739726027146e+01 4.000000000000000083e-02 1.759147688574013990e-01 4.993168806468688992e+00 6.480353348695498950e-01 -1.327474600366582436e-01
1.012328767123287676e+01 4.000000000000000083e-02 1.755646049581823798e-01 4.993518393672895073e+00 6.483212426501637760e-01 -1.323419101723980196e-01
1.012054794520548029e+01 4.000000000000000083e-02 1.798239927163924057e-01 4.989265633406136935e+00 6.448114484844531535e-01 -1.372283753402567807e-01
1.011780821917808204e+01 4.000000000000000083e-02 1.823655479322834339e-01 4.986727257836480298e+00 6.426476410566557274e-01 -1.400578877478395878e-01
1.011506849315068557e+01 4.000000000000000083e-02 1.844630107579583456e-01 4.984652816825551724e+00 6.464346660961377555e-01 -1.492818693319955814e-01
1.010684931506849260e+01 4.000000000000000083e-02 1.866960591861304697e-01 4.982460892588146173e+00 6.548853711460279614e-01 -1.648320545665479531e-01
1.010410958904109613e+01 4.000000000000000083e-02 1.862831033406762149e-01 4.982873390318609097e+00 6.552333122001772203e-01 -1.643686706592362434e-01
1.010136986301369788e+01 4.000000000000000083e-02 1.847087405676041960e-01 4.984446028103883819e+00 6.565621863127565350e-01 -1.626048872419529612e-01
1.009863013698629963e+01 4.000000000000000083e-02 1.863343474136690270e-01 4.982822091579173218e+00 6.551776000915413567e-01 -1.644117702994187802e-01
1.009589041095890316e+01 4.000000000000000083e-02 1.888803632057644011e-01 4.980716231832413854e+00 6.653109365480772697e-01 -1.854277566777565167e-01
1.009041095890411022e+01 4.000000000000000083e-02 1.880238054439924700e-01 4.981570788641852765e+00 6.660352817230722478e-01 -1.844629191872237950e-01
1.008767123287671197e+01 4.000000000000000083e-02 1.883100882375596530e-01 4.981285160039510274e+00 6.657924295031745210e-01 -1.847844480665582489e-01
1.008493150684931550e+01 4.000000000000000083e-02 1.880735083381090411e-01 4.981521201083046080e+00 6.659932110254170867e-01 -1.845188547404751633e-01
1.008219178082191547e+01 4.000000000000000083e-02 1.930644981146752426e-01 4.976898328341637701e+00 6.858416423047990484e-01 -2.258622845929389722e-01
1.007945205479452078e+01 4.000000000000000083e-02 1.965704171156965885e-01 4.973314593571141806e+00 6.881122265515959846e-01 -2.366431308432718206e-01
1.007671232876712430e+01 4.000000000000000083e-02 1.960404807316307729e-01 4.973851082045157135e+00 6.887507680327079607e-01 -2.364023190133165975e-01
1.007123287671232958e+01 4.000000000000000083e-02 1.955662412132834205e-01 4.974331134376173580e+00 6.893211064175308600e-01 -2.361860879926308554e-01
1.006849315068493134e+01 4.000000000000000083e-02 1.968624653594341078e-01 4.973019280371572037e+00 6.877677682089167188e-01 -2.367808358161861415e-01
1.006575342465753664e+01 4.000000000000000083e-02 1.910385407011249426e-01 4.980353590021555199e+00 6.953252294871037353e-01 -2.474230939571830379e-01
1.006301369863013662e+01 4.000000000000000083e-02 1.876009148372806690e-01 4.984070164971863726e+00 6.964356284232736671e-01 -2.433460680267038323e-01
1.006027397260274014e+01 4.000000000000000083e-02 1.847438662427359490e-01 4.986887746488619655e+00 6.989048643945245942e-01 -2.400001420170182198e-01
1.005753424657534190e+01 4.000000000000000083e-02 1.875805646979044339e-01 4.984083048443993746e+00 6.963932080020999171e-01 -2.432128772417098683e-01
1.005205479452054718e+01 4.000000000000000083e-02 1.877338744798463521e-01 4.983931202001070204e+00 6.962551121491298289e-01 -2.433828111080783563e-01
1.004931506849315070e+01 4.000000000000000083e-02 1.887813769754119464e-01 4.982893645409194328e+00 6.953110866855484185e-01 -2.445431909524733438e-01
1.004657534246575423e+01 4.000000000000000083e-02 1.886496150816102391e-01 4.983024195678973811e+00 6.954301906939343025e-01 -2.443977573481146970e-01
1.004383561643835598e+01 4.000000000000000083e-02 1.902847457004886167e-01 4.981864519390692969e+00 6.913945249848878483e-01 -2.464260936957401726e-01
1.004109589041095951e+01 4.000000000000000083e-02 1.923702082130436253e-01 4.979737182522221417e+00 6.898250889901744731e-01 -2.486727439661559069e-01
1.003835616438355949e+01 4.000000000000000083e-02 1.928685879361390354e-01 4.979229766363674869e+00 6.894420851325431254e-01 -2.492056231341035766e-01
1.003287671232876832e+01 4.000000000000000083e-02 1.927312140377561711e-01 4.979369613897319802e+00 6.895478021058030205e-01 -2.490588103439596024e-01
1.003013698630137007e+01 4.000000000000000083e-02 1.948816310293136345e-01 4.977181501050988999e+00 6.878843700461879651e-01 -2.513527546896829890e-01
1.002739726027397182e+01 4.000000000000000083e-02 1.911345778912880711e-01 4.981594208416504799e+00 6.870929404095560411e-01 -2.477058936583918236e-01
1.002465753424657535e+01 4.000000000000000083e-02 1.898672498924323659e-01 4.983179001266385022e+00 6.862590768819789577e-01 -2.465424885112718345e-01
1.002191780821918066e+01 4.000000000000000083e-02 1.796582605818144995e-01 4.993659138170711387e+00 6.943802540348729124e-01 -2.363127050730216838e-01
1.001369863013698591e+01 4.000000000000000083e-02 1.825002660751411099e-01 4.990835388396887673e+00 6.914585431584658881e-01 -2.391749000575738582e-01
1.001095890410958944e+01 4.000000000000000083e-02 1.812453205803031542e-01 4.992082878040570826e+00 6.927459141544940469e-01 -2.379117215524030882e-01
1.000821917808219119e+01 4.000000000000000083e-02 1.781484954801473009e-01 4.995162119527376099e+00 6.959190421445050623e-01 -2.347954967984389463e-01
1.000547945205479650e+01 4.000000000000000083e-02 1.749914163028857828e-01 4.998303706370689881e+00 6.991429305932460592e-01 -2.316213671909006788e-01
1.000273972602739647e+01 4.000000000000000083e-02 1.777426245965284812e-01 4.995564120926587748e+00 6.963418731823872720e-01 -2.343853396280808077e-01
1.000000000000000000e+01 4.000000000000000083e-02 1.798027855465848257e-01 4.993511706411045914e+00 6.942486113188451879e-01 -2.364539951595600320e-01
9.994520547945203504e+00 4.000000000000000083e-02 1.851103949101119417e-01 4.988220858993869022e+00 6.888697401587823288e-01 -2.417799481463068223e-01
9.991780821917808808e+00 4.000000000000000083e-02 1.859500582620170206e-01 4.987383043858931941e+00 6.880222763543608622e-01 -2.426216282025838444e-01
9.989041095890410560e+00 4.000000000000000083e-02 1.830388266292098665e-01 4.990288106818670855e+00 6.909595254407613352e-01 -2.397036674395348066e-01
9.986301369863014088e+00 4.000000000000000083e-02 1.805625178523702357e-01 4.992759892833989355e+00 6.934548660124675301e-01 -2.372224296048765779e-01
9.983561643835615840e+00 4.000000000000000083e-02 1.795172622106130378e-01 4.993803426965563119e+00 6.945073556107917989e-01 -2.361752988938703168e-01
9.980821917808219368e+00 4.000000000000000083e-02 1.805111278260809193e-01 4.992811158543645433e+00 6.935067805786303552e-01 -2.371709039219719595e-01
9.975342465753424648e+00 4.000000000000000083e-02 1.804947419821677779e-01 4.992827518646350882e+00 6.935232745236147300e-01 -2.371544900485300089e-01
9.972602739726028176e+00 4.000000000000000083e-02 1.799073444501047558e-01 4.993413994887307972e+00 6.941145409398221666e-01 -2.365660893542782250e-01
9.969863013698629928e+00 4.000000000000000083e-02 1.823318336886259050e-01 4.990993137473613395e+00 6.916748093000458786e-01 -2.389945321155624580e-01
9.967123287671231679e+00 4.000000000000000083e-02 1.773898120070480644e-01 4.995930067258928631e+00 6.966381191749827506e-01 -2.340469764529891361e-01
9.964383561643835208e+00 4.000000000000000083e-02 1.737421933629596515e-01 4.999575663873660147e+00 7.002941611978730219e-01 -2.303971637113729765e-01
9.961643835616440512e+00 4.000000000000000083e-02 1.730393084273459947e-01 5.000278244343638434e+00 7.009983132519163052e-01 -2.296939485644695078e-01
9.956164383561644016e+00 4.000000000000000083e-02 1.738119968468548326e-01 4.999505886471928839e+00 7.002242492607279045e-01 -2.304669954519376063e-01
9.953424657534245767e+00 4.000000000000000083e-02 1.760972296725164254e-01 4.997221593505736692e+00 6.979351058728555657e-01 -2.327532473791532053e-01
9.950684931506849296e+00 4.000000000000000083e-02 1.741906690977028382e-01 4.999127486001916587e+00 6.998444447151934700e-01 -2.308459626466573822e-01
9.947945205479452824e+00 4.000000000000000083e-02 1.701951635772573357e-01 5.003121841387636159e+00 7.038447303637036523e-01 -2.268492109613201579e-01
9.945205479452056352e+00 4.000000000000000083e-02 1.725730863680776939e-01 5.000744372612273558e+00 7.014649222866834455e-01 -2.292276253321741120e-01
9.942465753424658104e+00 4.000000000000000083e-02 1.759621840258243919e-01 4.997355813742738739e+00 6.980735881744056792e-01 -2.326173061066434677e-01
9.936986301369863384e+00 4.000000000000000083e-02 1.759121657118944138e-01 4.997405825854721151e+00 6.981236322204639189e-01 -2.325672810843673610e-01
9.934246575342463359e+00 4.000000000000000083e-02 1.768760113914320808e-01 4.996442099208265653e+00 6.971592927185153998e-01 -2.335312554836044274e-01
9.931506849315068663e+00 4.000000000000000083e-02 1.727019464680027150e-01 5.000615711208824088e+00 7.013352360596565305e-01 -2.293567010352818569e-01
9.928767123287670415e+00 4.000000000000000083e-02 1.718569023015286690e-01 5.001460695428866288e+00 7.021805286657295531e-01 -2.285115921575302522e-01
9.926027397260273943e+00 4.000000000000000083e-02 1.707596992072681896e-01 5.002557822467899484e+00 7.032780468954148434e-01 -2.274143070037792369e-01
9.923287671232875695e+00 4.000000000000000083e-02 1.720586631997497729e-01 5.001258944614958679e+00 7.019787260761141123e-01 -2.287133638787762491e-01
9.917808219178084528e+00 4.000000000000000083e-02 1.727586022753841988e-01 5.000559049187628169e+00 7.012786062481717320e-01 -2.294133499841332080e-01
9.915068493150684503e+00 4.000000000000000083e-02 1.754998592344502728e-01 4.997817951530326930e+00 6.985366898532859858e-01 -2.321547784324974051e-01
9.912328767123288031e+00 4.000000000000000083e-02 1.790245947001781468e-01 4.994293356376986459e+00 6.950113741678275447e-01 -2.356796645854115635e-01
9.909589041095889783e+00 4.000000000000000083e-02 1.782985299504883103e-01 4.995019401466188391e+00 6.957375201108543239e-01 -2.349535787883828830e-01
9.906849315068491535e+00 4.000000000000000083e-02 1.786928109382363017e-01 4.994625130970042903e+00 6.953431958193421192e-01 -2.353478709917760092e-01
9.904109589041096839e+00 4.000000000000000083e-02 1.808985935175331516e-01 4.992419405018190481e+00 6.931371796717031852e-01 -2.375537140009257586e-01
9.895890410958903871e+00 4.000000000000000083e-02 1.804368820804881368e-01 4.992881106780647116e+00 6.935989309577902384e-01 -2.370919922757272758e-01
9.893150684931507399e+00 4.000000000000000083e-02 1.840428052449647467e-01 4.989275251158146851e+00 6.899927299514176937e-01 -2.406979870289716328e-01
9.890410958904109151e+00 4.000000000000000083e-02 1.852522643456964435e-01 4.988065805915518069e+00 6.887832140493244104e-01 -2.419074606826475959e-01
9.887671232876712679e+00 4.000000000000000083e-02 1.829200398314825282e-01 4.990398005863409203e+00 6.911155390660937980e-01 -2.395752104964060658e-01
9.884931506849314431e+00 4.000000000000000083e-02 1.848883916696004437e-01 4.988429670611684408e+00 6.891471195984872899e-01 -2.415435795168403288e-01
9.876712328767123239e+00 4.000000000000000083e-02 1.847027740588983724e-01 4.988615286868967047e+00 6.893327427094818605e-01 -2.413579605161754738e-01
9.873972602739728543e+00 4.000000000000000083e-02 1.802597434786541997e-01 4.993058289770389457e+00 6.937758853077037324e-01 -2.369149018220169101e-01
9.871232876712328519e+00 4.000000000000000083e-02 1.780405782221171906e-01 4.995277447544772542e+00 6.959950804706328542e-01 -2.346957292151977958e-01
9.868493150684932047e+00 4.000000000000000083e-02 1.790948066047721166e-01 4.994223222277796914e+00 6.949408397184761998e-01 -2.357499606026053074e-01
9.865753424657533799e+00 4.000000000000000083e-02 1.733536773239544582e-01 4.999964338199974101e+00 7.006820214450890649e-01 -2.300088188317661875e-01
9.860273972602740855e+00 4.000000000000000083e-02 1.732332429062267420e-01 5.000084772465014815e+00 7.008024564460769712e-01 -2.298883842820760581e-01
9.857534246575344383e+00 4.000000000000000083e-02 1.720056657237206965e-01 5.001312348090449333e+00 7.020300395247217606e-01 -2.286608057884746414e-01
9.854794520547944359e+00 4.000000000000000083e-02 1.750497608148569029e-01 4.998268256611937410e+00 6.989859309338057880e-01 -2.317049038013534179e-01
9.852054794520547887e+00 4.000000000000000083e-02 1.724516316507048730e-01 5.000866383308371077e+00 7.015840690917277689e-01 -2.291067727933568110e-01
9.849315068493151415e+00 4.000000000000000083e-02 1.688743681567192179e-01 5.004443643997144697e+00 7.051613425202956087e-01 -2.255295073963640984e-01
9.846575342465751390e+00 4.000000000000000083e-02 1.707369305095590151e-01 5.002581082781642152e+00 7.032987763007702009e-01 -2.273920704131924542e-01
9.838356164383561975e+00 4.000000000000000083e-02 1.716555057555995134e-01 5.001662508064505630e+00 7.023801993067561034e-01 -2.283106459345185246e-01
9.835616438356163727e+00 4.000000000000000083e-02 1.723022408324721977e-01 5.001015773357947225e+00 7.017334630367887405e-01 -2.289573811836136674e-01
9.832876712328767255e+00 4.000000000000000083e-02 1.661533190045746400e-01 5.005010759154769673e+00 7.174833612927281612e-01 -2.137607860905572366e-01
9.830136986301367230e+00 4.000000000000000083e-02 1.670511199443754091e-01 5.004071253566969801e+00 7.167739934184741424e-01 -2.144811235889040602e-01
9.827397260273972535e+00 4.000000000000000083e-02 1.699499954377349242e-01 5.001192544311281907e+00 7.137919105054459923e-01 -2.174587070153924384e-01
9.821917808219177815e+00 4.000000000000000083e-02 1.699721501201300056e-01 5.001170519644117185e+00 7.137692238280215484e-01 -2.174813651081936305e-01
9.819178082191779566e+00 4.000000000000000083e-02 1.711518170107095282e-01 4.999997734739711319e+00 7.125614050740518568e-01 -2.186876715384348246e-01
9.816438356164384871e+00 4.000000000000000083e-02 1.687510433596961790e-01 5.002385424251946766e+00 7.150155378672277129e-01 -2.162363985250583820e-01
9.813698630136988399e+00 4.000000000000000083e-02 1.682285333919182335e-01 5.002905538360350235e+00 7.155477545913709880e-01 -2.157046994410312113e-01
9.810958904109588374e+00 4.000000000000000083e-02 1.679551144098831994e-01 5.003177715739329123e+00 7.158262021711696566e-01 -2.154265199599027236e-01
