6.016438356164383272e+00 1.000000000000000000e+00 1.312068956456413638e-01 -4.120689564148452555e-02 5.912068956417974031e-01 1.112068956369002687e-01
6.013698630136985912e+00 1.000000000000000000e+00 1.309957103484654939e-01 -4.099571034431987587e-02 5.909957103446321636e-01 1.109957103397479494e-01
6.010958904109589440e+00 1.000000000000000000e+00 1.307154480665627672e-01 -4.071544806244194875e-02 5.907154480627527793e-01 1.107154480578969036e-01
6.005479452054794720e+00 1.000000000000000000e+00 1.306742484332888143e-01 -4.067424842917441441e-02 5.906742484294842388e-01 1.106742484246359542e-01
6.002739726027397360e+00 1.000000000000000000e+00 1.304894069214735941e-01 -4.048940691740332554e-02 5.904894069177086813e-01 1.104894069129132850e-01
6.000000000000000000e+00 1.000000000000000000e+00 1.304688157159984430e-01 -4.046881571193618882e-02 5.904688157122408576e-01 1.104688157074553978e-01
5.997260273972602640e+00 1.000000000000000000e+00 1.316963939738872158e-01 -4.169639396903107587e-02 5.916963939693967722e-01 1.116963939636745617e-01
5.994520547945205280e+00 1.000000000000000000e+00 1.320003072460962934e-01 -4.200030724091714796e-02 5.920003072413067002e-01 1.120003072352046547e-01
5.991780821917807920e+00 1.000000000000000000e+00 1.324510214559125321e-01 -4.245102144994510052e-02 5.924510214503944106e-01 1.124510214433636912e-01
5.986301369863014088e+00 1.000000000000000000e+00 1.323393549210199471e-01 -4.233935491537290513e-02 5.923393549157974780e-01 1.123393549091449978e-01
5.983561643835616728e+00 1.000000000000000000e+00 1.322245096379624785e-01 -4.222450963285803716e-02 5.922245096332403591e-01 1.122245096272288523e-01
5.980821917808219368e+00 1.000000000000000000e+00 1.324174254844646959e-01 -4.241742547786087753e-02 5.924174254783561855e-01 1.124174254705787718e-01
5.978082191780822008e+00 1.000000000000000000e+00 1.323791880864965131e-01 -4.237918808036975071e-02 5.923791880808275678e-01 1.123791880736142168e-01
5.975342465753424648e+00 1.000000000000000000e+00 1.330503771190732765e-01 -4.305037709634611243e-02 5.930503770980521949e-01 1.130503770712833755e-01
5.972602739726027288e+00 1.000000000000000000e+00 1.323051925507866822e-01 -4.230519253496323878e-02 5.923051925361507708e-01 1.123051925175140436e-01
5.964383561643835208e+00 1.000000000000000000e+00 1.324975177298203799e-01 -4.249751771199296313e-02 5.924975177133313675e-01 1.124975176923342229e-01
5.961643835616438736e+00 1.000000000000000000e+00 1.325795133992561936e-01 -4.257951338004940800e-02 5.925795133814898419e-01 1.125795133588691488e-01
5.958904109589041376e+00 1.000000000000000000e+00 1.324355073934869453e-01 -4.243550737686384994e-02 5.924355073781103487e-01 1.124355073585328602e-01
5.956164383561644016e+00 1.000000000000000000e+00 1.319905624313501558e-01 -4.199056242391462079e-02 5.919905624244695685e-01 1.119905624157163243e-01
5.953424657534246656e+00 1.000000000000000000e+00 1.317839502369097526e-01 -4.178395023228198557e-02 5.917839502326245338e-01 1.117839502271802399e-01
5.945205479452054576e+00 1.000000000000000000e+00 1.313254749101999685e-01 -4.132547491738188666e-02 5.913254749168362912e-01 1.113254749253045489e-01
5.942465753424657215e+00 1.000000000000000000e+00 1.317757139383380627e-01 -4.177571393994319177e-02 5.917757139398176491e-01 1.117757139417162038e-01
5.939726027397259855e+00 1.000000000000000000e+00 1.319263072517902757e-01 -4.192630725119525503e-02 5.919263072512360724e-01 1.119263072505418261e-01
5.936986301369863384e+00 1.000000000000000000e+00 1.316334359243259700e-01 -4.163343593316631147e-02 5.916334359324941783e-01 1.116334359429187184e-01
5.934246575342466024e+00 1.000000000000000000e+00 1.315942632878476515e-01 -4.159426329724764254e-02 5.915942632965329739e-01 1.115942633076171253e-01
5.928767123287671303e+00 1.000000000000000000e+00 1.310473827999524832e-01 -4.104738282058170012e-02 5.910473828190211387e-01 1.110473828433349297e-01
5.926027397260273943e+00 1.000000000000000000e+00 1.305980236798870431e-01 -4.059802370571266583e-02 5.905980237037605773e-01 1.105980237341961242e-01
5.923287671232876583e+00 1.000000000000000000e+00 1.297959958132405001e-01 -3.979599585008403856e-02 5.897959958473032449e-01 1.097959958907185063e-01
5.920547945205479223e+00 1.000000000000000000e+00 1.306943677229703282e-01 -4.069436775066108403e-02 5.906943677485685384e-01 1.106943677812020632e-01
5.917808219178081863e+00 1.000000000000000000e+00 1.304960207621410351e-01 -4.049602079175398245e-02 5.904960207895177948e-01 1.104960208244145647e-01
5.915068493150684503e+00 1.000000000000000000e+00 1.300027827554547100e-01 -4.000278279291866884e-02 5.900027827900911070e-01 1.100027828342376585e-01
5.909589041095890671e+00 1.000000000000000000e+00 1.294638686632453295e-01 -3.946386870792339269e-02 5.894638687045545833e-01 1.094638687571976160e-01
5.906849315068493311e+00 1.000000000000000000e+00 1.300946868019080271e-01 -4.009468683825104934e-02 5.900946868355093633e-01 1.100946868783330840e-01
5.904109589041095951e+00 1.000000000000000000e+00 1.304069137780831666e-01 -4.040691381057205656e-02 5.904069138081200485e-01 1.104069138464036648e-01
5.901369863013698591e+00 1.000000000000000000e+00 1.308696520687182840e-01 -4.086965209268229177e-02 5.908696520908709449e-01 1.108696521191124412e-01
5.898630136986301231e+00 1.000000000000000000e+00 1.310309683213237153e-01 -4.103096834309854363e-02 5.910309683414511905e-01 1.110309683671138054e-01
5.895890410958903871e+00 1.000000000000000000e+00 1.310923638843448924e-01 -4.109236390486547402e-02 5.910923639033132115e-01 1.110923639274973423e-01
5.890410958904109151e+00 1.000000000000000000e+00 1.312222505965320307e-01 -4.122225061498249743e-02 5.912222506135864641e-01 1.112222506353308799e-01
5.887671232876712679e+00 1.000000000000000000e+00 1.316344869216942159e-01 -4.163448692889688829e-02 5.916344869283471919e-01 1.116344869368405407e-01
5.884931506849315319e+00 1.000000000000000000e+00 1.316209064834603648e-01 -4.162090649084065203e-02 5.916209064902796522e-01 1.116209064989801686e-01
5.882191780821917959e+00 1.000000000000000000e+00 1.319571604413266042e-01 -4.195716043694388414e-02 5.919571604372687590e-01 1.119571604321113467e-01
5.879452054794520599e+00 1.000000000000000000e+00 1.316673880956740206e-01 -4.166738809519680842e-02 5.916673880952281195e-01 1.116673880946714853e-01
5.876712328767123239e+00 1.000000000000000000e+00 1.316207144236464788e-01 -4.162071442398907611e-02 5.916207144239598037e-01 1.116207144243678007e-01
5.871232876712328519e+00 1.000000000000000000e+00 1.314906217383106091e-01 -4.149062174076483672e-02 5.914906217405764277e-01 1.114906217434718377e-01
5.868493150684931159e+00 1.000000000000000000e+00 1.323042263915102934e-01 -4.230422637673914715e-02 5.923042263778478533e-01 1.123042263604491081e-01
5.865753424657534687e+00 1.000000000000000000e+00 1.326071403639911828e-01 -4.260714034647243575e-02 5.926071403477879418e-01 1.126071403271523552e-01
5.863013698630137327e+00 1.000000000000000000e+00 1.321254475378317583e-01 -4.212544752693311162e-02 5.921254475277506479e-01 1.121254475149140312e-01
5.860273972602739967e+00 1.000000000000000000e+00 1.324707657832342456e-01 -4.247076576743060577e-02 5.924707657686173468e-01 1.124707657500016444e-01
5.857534246575342607e+00 1.000000000000000000e+00 1.331944550954442807e-01 -4.319445506731230122e-02 5.931944550694249196e-01 1.131944550362873891e-01
5.852054794520547887e+00 1.000000000000000000e+00 1.330126974010124863e-01 -4.301269737481838024e-02 5.930126973767864129e-01 1.130126973459308209e-01
5.849315068493151415e+00 1.000000000000000000e+00 1.330072071438580528e-01 -4.300720711775534583e-02 5.930072071197167727e-01 1.130072070889689556e-01
5.846575342465753167e+00 1.000000000000000000e+00 1.326440025234639497e-01 -4.264400250868143061e-02 5.926440025097912123e-01 1.126440024923790612e-01
5.843835616438355807e+00 1.000000000000000000e+00 1.322871782774793503e-01 -4.228717826765149290e-02 5.922871782683879482e-01 1.122871782568128640e-01
5.841095890410959335e+00 1.000000000000000000e+00 1.323345508824722849e-01 -4.233455087186892285e-02 5.923345508726632902e-01 1.123345508601757414e-01
5.838356164383561975e+00 1.000000000000000000e+00 1.327541327522694936e-01 -4.275413273014042059e-02 5.927541327318038844e-01 1.127541327057367954e-01
5.832876712328767255e+00 1.000000000000000000e+00 1.327518081372825454e-01 -4.275180811518387164e-02 5.927518081168446917e-01 1.127518080908140319e-01
5.830136986301369895e+00 1.000000000000000000e+00 1.324600314402118451e-01 -4.246003142762561078e-02 5.924600314285705105e-01 1.124600314137462476e-01
5.827397260273972535e+00 1.000000000000000000e+00 1.331542872382072140e-01 -4.315428721588223521e-02 5.931542872175594727e-01 1.131542871912623455e-01
5.824657534246575175e+00 1.000000000000000000e+00 1.330157944469459452e-01 -4.301579442623184452e-02 5.930157944277896220e-01 1.130157944033885059e-01
5.821917808219177815e+00 1.000000000000000000e+00 1.330794727761533958e-01 -4.307947275426565054e-02 5.930794727559114410e-01 1.130794727301279584e-01
5.819178082191780454e+00 1.000000000000000000e+00 1.332009703411186630e-01 -4.320097031719160457e-02 5.932009703189901062e-01 1.132009702908050863e-01
5.813698630136986623e+00 1.000000000000000000e+00 1.331738190604876138e-01 -4.317381903710719449e-02 5.931738190388631260e-01 1.131738190113235482e-01
5.810958904109589263e+00 1.000000000000000000e+00 1.331327112727242745e-01 -4.313271125016535784e-02 5.931327112518597344e-01 1.131327112252877992e-01
5.808219178082191902e+00 1.000000000000000000e+00 1.326544248896765477e-01 -4.265442488284896388e-02 5.926544248833605089e-01 1.126544248753197919e-01
5.805479452054794542e+00 1.000000000000000000e+00 1.324189471314704269e-01 -4.241894712717737825e-02 5.924189471274977636e-01 1.124189471224437686e-01
5.802739726027397182e+00 1.000000000000000000e+00 1.329461329897704547e-01 -4.294613297615885311e-02 5.929461329771809064e-01 1.129461329611486237e-01
5.794520547945205102e+00 1.000000000000000000e+00 1.328443282054070917e-01 -4.284432819307069928e-02 5.928443281939980158e-01 1.128443281794670738e-01
5.791780821917808630e+00 1.000000000000000000e+00 1.326979151865043116e-01 -4.269791517677971882e-02 5.926979151775104704e-01 1.126979151660570111e-01
5.789041095890411270e+00 1.000000000000000000e+00 1.332393861356480080e-01 -4.323938610908469038e-02 5.932393861110822897e-01 1.132393860797920315e-01
5.786301369863013910e+00 1.000000000000000000e+00 1.329067150286638299e-01 -4.290671500541723415e-02 5.929067150071667402e-01 1.129067149797820524e-01
5.783561643835616550e+00 1.000000000000000000e+00 1.333186614013643356e-01 -4.331866137205606787e-02 5.933186613742622573e-01 1.133186613397357961e-01
5.780821917808219190e+00 1.000000000000000000e+00 1.331420354752616553e-01 -4.314203544866407336e-02 5.931420354506675707e-01 1.131420354193331812e-01
5.775342465753424470e+00 1.000000000000000000e+00 1.329442436362830160e-01 -4.294424361434331233e-02 5.929442436159956253e-01 1.129442435901489572e-01
5.772602739726027110e+00 1.000000000000000000e+00 1.325634184412276539e-01 -4.256341842737932507e-02 5.925634184284231942e-01 1.125634184121085679e-01
5.769863013698629750e+00 1.000000000000000000e+00 1.319308306958348331e-01 -4.193083069182979017e-02 5.919308306921330365e-01 1.119308306874138015e-01
5.767123287671233278e+00 1.000000000000000000e+00 1.322704136149708554e-01 -4.227041360695311945e-02 5.922704136075578329e-01 1.122704135981122398e-01
5.764383561643835918e+00 1.000000000000000000e+00 1.323124809889630049e-01 -4.231248098027168281e-02 5.923124809809271474e-01 1.123124809706877725e-01
5.761643835616438558e+00 1.000000000000000000e+00 1.327779231134396387e-01 -4.277792309252650971e-02 5.927779230941015998e-01 1.127779230694643670e-01
5.756164383561643838e+00 1.000000000000000000e+00 1.326686574123793760e-01 -4.266865739279848690e-02 5.926686573942706593e-01 1.126686573712055439e-01
5.753424657534247366e+00 1.000000000000000000e+00 1.327687802479458890e-01 -4.276878022638606891e-02 5.927687802280058316e-01 1.127687802026103858e-01
5.750684931506849118e+00 1.000000000000000000e+00 1.328138371378488891e-01 -4.281383711540555359e-02 5.928138371170925680e-01 1.128138370906555527e-01
5.747945205479451758e+00 1.000000000000000000e+00 1.322799750712547184e-01 -4.227997506340121225e-02 5.922799750639897720e-01 1.122799750547405911e-01
5.745205479452054398e+00 1.000000000000000000e+00 1.325867080877736193e-01 -4.258670807665649455e-02 5.925867080774899209e-01 1.125867080643966345e-01
5.742465753424657926e+00 1.000000000000000000e+00 1.328549898083653258e-01 -4.285498979295171429e-02 5.928549897941098878e-01 1.128549897759533738e-01
5.736986301369863206e+00 1.000000000000000000e+00 1.327451061377723784e-01 -4.274510612438567336e-02 5.927451061253909970e-01 1.127451061096225865e-01
5.734246575342465846e+00 1.000000000000000000e+00 1.320211919827651570e-01 -4.202119198476882145e-02 5.920211919846178894e-01 1.120211919869781025e-01
5.731506849315068486e+00 1.000000000000000000e+00 1.317968226966393375e-01 -4.179682270081792189e-02 5.917968227005038218e-01 1.117968227054249725e-01
5.728767123287671126e+00 1.000000000000000000e+00 1.316894761975166972e-01 -4.168947620330976794e-02 5.916894762028749311e-01 1.116894762096970473e-01
5.726027397260273766e+00 1.000000000000000000e+00 1.313390674363638377e-01 -4.133906744926372362e-02 5.913390674482942311e-01 1.113390674634884836e-01
5.723287671232876406e+00 1.000000000000000000e+00 1.314400116142644681e-01 -4.144001162548414940e-02 5.914400116246407713e-01 1.114400116378553574e-01
5.717808219178082574e+00 1.000000000000000000e+00 1.313886099604135160e-01 -4.138860997259044550e-02 5.913886099716747502e-01 1.113886099860178641e-01
5.715068493150685214e+00 1.000000000000000000e+00 1.310110108788671013e-01 -4.101101089960240004e-02 5.910110108980426435e-01 1.110110109224680119e-01
5.712328767123287854e+00 1.000000000000000000e+00 1.316042044638967845e-01 -4.160420447544889433e-02 5.916042044745810635e-01 1.116042044881862816e-01
5.709589041095890494e+00 1.000000000000000000e+00 1.311728256201790677e-01 -4.117282563699791592e-02 5.911728256357322575e-01 1.111728256555436917e-01
5.706849315068493134e+00 1.000000000000000000e+00 1.308680817435570187e-01 -4.086808176498770567e-02 5.908680817633763516e-01 1.108680817886184694e-01
5.704109589041095774e+00 1.000000000000000000e+00 1.306588490648077361e-01 -4.065884909054495733e-02 5.906588490886088838e-01 1.106588491189253454e-01
5.698630136986301054e+00 1.000000000000000000e+00 1.306222580470285943e-01 -4.062225807351686757e-02 5.906222580715233539e-01 1.106222581027258567e-01
5.695890410958903693e+00 1.000000000000000000e+00 1.307867386942574706e-01 -4.078673871760764985e-02 5.907867387158478589e-01 1.107867387433559281e-01
5.693150684931507222e+00 1.000000000000000000e+00 1.300997127430597033e-01 -4.009971278222233121e-02 5.900997127792733110e-01 1.100997128254086882e-01
5.690410958904109862e+00 1.000000000000000000e+00 1.299541648614921663e-01 -3.995416490205976751e-02 5.899541648990035414e-01 1.099541649467963011e-01
5.687671232876712502e+00 1.000000000000000000e+00 1.297933960730484337e-01 -3.979339611618640249e-02 5.897933961129356861e-01 1.097933961637571759e-01
5.684931506849315141e+00 1.000000000000000000e+00 1.298140256017699390e-01 -3.981402564445261916e-02 5.898140256412369720e-01 1.098140256915220714e-01
5.676712328767123061e+00 1.000000000000000000e+00 1.300011322423235971e-01 -4.000113228090028394e-02 5.900011322779932232e-01 1.100011323234418026e-01
5.673972602739725701e+00 1.000000000000000000e+00 1.298732186440429703e-01 -3.987321868508428291e-02 5.898732186819906076e-01 1.098732187303434471e-01
5.671232876712328341e+00 1.000000000000000000e+00 1.303727645871834151e-01 -4.037276461756211104e-02 5.903727646152725494e-01 1.103727646510619248e-01
5.668493150684931869e+00 1.000000000000000000e+00 1.302838552996076760e-01 -4.028385533132806950e-02 5.902838553289367907e-01 1.102838553663074150e-01
5.665753424657535398e+00 1.000000000000000000e+00 1.303370533214737170e-01 -4.033705335224536254e-02 5.903370533499264772e-01 1.103370533861784825e-01
5.660273972602739789e+00 1.000000000000000000e+00 1.301963128364561351e-01 -4.019631286952694837e-02 5.901963128670345560e-01 1.101963129059950336e-01
5.657534246575342429e+00 1.000000000000000000e+00 1.305945359450131626e-01 -4.059453596707275624e-02 5.905945359654107829e-01 1.105945359913974718e-01
5.654794520547945069e+00 1.000000000000000000e+00 1.303166076498788184e-01 -4.031660767576963206e-02 5.903166076738194379e-01 1.103166077043189475e-01
5.652054794520547709e+00 1.000000000000000000e+00 1.304557211490582069e-01 -4.045572117232490439e-02 5.904557211705728781e-01 1.104557211979799586e-01
5.649315068493150349e+00 1.000000000000000000e+00 1.305469353183434378e-01 -4.054693534003075278e-02 5.905469353383970832e-01 1.105469353639438740e-01
5.646575342465752989e+00 1.000000000000000000e+00 1.313563529584171607e-01 -4.135635296324247784e-02 5.913563529628779181e-01 1.113563529685599185e-01
5.641095890410959157e+00 1.000000000000000000e+00 1.314186930629814842e-01 -4.141869306723409278e-02 5.914186930669135256e-01 1.114186930719199276e-01
5.638356164383561797e+00 1.000000000000000000e+00 1.321308272224382963e-01 -4.213082721595911434e-02 5.921308272164457209e-01 1.121308272088099994e-01
5.635616438356164437e+00 1.000000000000000000e+00 1.325911438036283529e-01 -4.259114379200967110e-02 5.925911437928821357e-01 1.125911437791924513e-01
5.632876712328767077e+00 1.000000000000000000e+00 1.315127425521673554e-01 -4.151274255374563793e-02 5.915127425536258476e-01 1.115127425554822138e-01
5.630136986301369717e+00 1.000000000000000000e+00 1.310544443260915903e-01 -4.105444433172592000e-02 5.910544443313002771e-01 1.110544443379359314e-01
5.627397260273972357e+00 1.000000000000000000e+00 1.312452966418788669e-01 -4.124529664517075783e-02 5.912452966449204261e-01 1.112452966487969264e-01
5.619178082191781165e+00 1.000000000000000000e+00 1.312481145524773407e-01 -4.124811455571712054e-02 5.912481145554701056e-01 1.112481145592858767e-01
5.616438356164383805e+00 1.000000000000000000e+00 1.310726579138720149e-01 -4.107265792074214078e-02 5.910726579202211228e-01 1.110726579283149162e-01
5.613698630136985557e+00 1.000000000000000000e+00 1.304172407083384611e-01 -4.041724073131062328e-02 5.904172407295793512e-01 1.104172407566408332e-01
5.610958904109589085e+00 1.000000000000000000e+00 1.299343831410582351e-01 -3.993438316866106813e-02 5.899343831665833093e-01 1.099343831990982623e-01
5.608219178082191725e+00 1.000000000000000000e+00 1.300761760273075052e-01 -4.007617605311394188e-02 5.900761760511720189e-01 1.100761760815706786e-01
5.602739726027397005e+00 1.000000000000000000e+00 1.299952435434935938e-01 -3.999524357077368503e-02 5.899952435687213503e-01 1.099952436008557882e-01
5.599999999999999645e+00 1.000000000000000000e+00 1.301997827271451080e-01 -4.019978274999654738e-02 5.901997827482783343e-01 1.101997827751946268e-01
5.597260273972603173e+00 1.000000000000000000e+00 1.300203978135282268e-01 -4.002039784015509749e-02 5.900203978381547421e-01 1.100203978695169921e-01
5.594520547945205813e+00 1.000000000000000000e+00 1.295258563117100969e-01 -3.952585635374683548e-02 5.895258563505871852e-01 1.095258564001025253e-01
5.591780821917808453e+00 1.000000000000000000e+00 1.290229112583805293e-01 -3.902291130578401657e-02 5.890229113022205087e-01 1.090229113580586245e-01
5.589041095890411093e+00 1.000000000000000000e+00 1.282346701635623254e-01 -3.823467022093309658e-02 5.882346702166204588e-01 1.082346702841994884e-01
5.580821917808219013e+00 1.000000000000000000e+00 1.281804756785480948e-01 -3.818047573650923399e-02 5.881804757321532628e-01 1.081804758004272782e-01
5.578082191780821653e+00 1.000000000000000000e+00 1.276922314977007866e-01 -3.769223156609461528e-02 5.876922315609544034e-01 1.076922316415176162e-01
5.575342465753424293e+00 1.000000000000000000e+00 1.283369571413189303e-01 -3.833695720180099742e-02 5.883369571972576484e-01 1.083369572684982629e-01
5.572602739726027821e+00 1.000000000000000000e+00 1.285373689729740476e-01 -3.853736903101200040e-02 5.885373690266538782e-01 1.085373690950142134e-01
5.569863013698631349e+00 1.000000000000000000e+00 1.288445933579294156e-01 -3.884459340891938117e-02 5.888445934050900998e-01 1.088445934651493391e-01
5.564383561643835741e+00 1.000000000000000000e+00 1.288101932914906267e-01 -3.881019334305402246e-02 5.888101933391818310e-01 1.088101933999168491e-01
5.561643835616438380e+00 1.000000000000000000e+00 1.283374971276141085e-01 -3.833749719298629871e-02 5.883374971880731552e-01 1.083374972650777146e-01
5.558904109589041020e+00 1.000000000000000000e+00 1.281175072895828770e-01 -3.811750735748929003e-02 5.881175073523827734e-01 1.081175074323754703e-01
5.556164383561643660e+00 1.000000000000000000e+00 1.280883297001645105e-01 -3.808832976857532554e-02 5.880883297634320606e-01 1.080883298440179635e-01
5.553424657534246300e+00 1.000000000000000000e+00 1.281977223493580564e-01 -3.819772241507790600e-02 5.881977224101380131e-01 1.081977224875526750e-01
5.550684931506848940e+00 1.000000000000000000e+00 1.280446906344165636e-01 -3.804469070262945368e-02 5.880446906975002053e-01 1.080446907778533083e-01
5.545205479452055108e+00 1.000000000000000000e+00 1.279113092375082639e-01 -3.791130930810794608e-02 5.879113093027987791e-01 1.079113093859637718e-01
5.542465753424657748e+00 1.000000000000000000e+00 1.280969711179969217e-01 -3.809697118473158450e-02 5.880969711797126021e-01 1.080969712583254999e-01
5.539726027397260388e+00 1.000000000000000000e+00 1.282824755500867331e-01 -3.828247561277248884e-02 5.882824756080582418e-01 1.082824756819012191e-01
5.536986301369863028e+00 1.000000000000000000e+00 1.282572565859434188e-01 -3.825725664908345702e-02 5.882572566443337037e-01 1.082572567187133905e-01
5.534246575342465668e+00 1.000000000000000000e+00 1.273823926593576350e-01 -3.738239273755530889e-02 5.873823927316728088e-01 1.073823928237911257e-01
5.531506849315068308e+00 1.000000000000000000e+00 1.266766886369317113e-01 -3.667668872176697847e-02 5.866766887153848087e-01 1.066766888153220516e-01
5.526027397260273588e+00 1.000000000000000000e+00 1.266972649470592682e-01 -3.669726503167333731e-02 5.866972650253088339e-01 1.066972651249839393e-01
5.523287671232877116e+00 1.000000000000000000e+00 1.266711567282749196e-01 -3.667115681335250676e-02 5.866711568069526983e-01 1.066711569071739502e-01
5.520547945205479756e+00 1.000000000000000000e+00 1.266554823180708333e-01 -3.665548240342230563e-02 5.866554823970026034e-01 1.066554824975458338e-01
5.517808219178082396e+00 1.000000000000000000e+00 1.262905985720773339e-01 -3.629059866726180167e-02 5.862905986601035790e-01 1.062905987722291973e-01
5.515068493150685036e+00 1.000000000000000000e+00 1.255951033142154449e-01 -3.559510341877070161e-02 5.855951034109078135e-01 1.055951035340725735e-01
5.512328767123287676e+00 1.000000000000000000e+00 1.254522284495803719e-01 -3.545222855580620197e-02 5.854522285478158672e-01 1.054522286729506902e-01
5.506849315068492956e+00 1.000000000000000000e+00 1.254197092881164932e-01 -3.541970939494205189e-02 5.854197093869061286e-01 1.054197095127482053e-01
5.504109589041095596e+00 1.000000000000000000e+00 1.251311013975944519e-01 -3.513110151170914519e-02 5.851311015031254170e-01 1.051311016375534035e-01
5.501369863013698236e+00 1.000000000000000000e+00 1.259926598338712012e-01 -3.599265993415389636e-02 5.859926599266126468e-01 1.059926600447437250e-01
5.498630136986301764e+00 1.000000000000000000e+00 1.271119171979701312e-01 -3.711191728795332212e-02 5.871119172811863907e-01 1.071119173871843688e-01
5.495890410958904404e+00 1.000000000000000000e+00 1.269020927893984296e-01 -3.690209288111838404e-02 5.869020928742197940e-01 1.069020929822648014e-01
5.493150684931507044e+00 1.000000000000000000e+00 1.275460879564097594e-01 -3.754608803978459752e-02 5.875460880335136027e-01 1.075460881317275713e-01
5.487671232876712324e+00 1.000000000000000000e+00 1.274585000841497173e-01 -3.745850016859655213e-02 5.874585001622459890e-01 1.074585002617220453e-01
5.484931506849314964e+00 1.000000000000000000e+00 1.271206420051266828e-01 -3.712064209882705995e-02 5.871206420917819413e-01 1.071206422021574872e-01
5.482191780821917604e+00 1.000000000000000000e+00 1.272958628369220413e-01 -3.729586292800154274e-02 5.872958629211538772e-01 1.072958630284414211e-01
5.479452054794520244e+00 1.000000000000000000e+00 1.270788237778552876e-01 -3.707882387452740569e-02 5.870788238672594028e-01 1.070788239811350240e-01
5.476712328767122884e+00 1.000000000000000000e+00 1.272997503957766230e-01 -3.729975048811669247e-02 5.872997504811754421e-01 1.072997505899465770e-01
5.473972602739726412e+00 1.000000000000000000e+00 1.271134409358423700e-01 -3.711344103225231589e-02 5.871134410250046232e-01 1.071134411385701590e-01
5.468493150684931692e+00 1.000000000000000000e+00 1.270032405995205338e-01 -3.700324069810837641e-02 5.870032406906986466e-01 1.070032408068277430e-01
5.465753424657534332e+00 1.000000000000000000e+00 1.266577553421159574e-01 -3.665775544923657869e-02 5.866577554411840367e-01 1.066577555673663136e-01
5.463013698630136972e+00 1.000000000000000000e+00 1.268331946306503200e-01 -3.683319473504186731e-02 5.868331947271947513e-01 1.068331948501623635e-01
5.460273972602739612e+00 1.000000000000000000e+00 1.271675243770709618e-01 -3.716752447055243769e-02 5.871675244635264912e-01 1.071675245736410237e-01
5.457534246575342252e+00 1.000000000000000000e+00 1.270106994280375545e-01 -3.701069952369075156e-02 5.870106995165011998e-01 1.070106996291740747e-01
5.454794520547944892e+00 1.000000000000000000e+00 1.272253533609941645e-01 -3.722535345126060102e-02 5.872253534444781264e-01 1.072253535508036065e-01
5.449315068493151060e+00 1.000000000000000000e+00 1.271749894697581096e-01 -3.717498956091463969e-02 5.871749895540657738e-01 1.071749896614393183e-01
5.446575342465753700e+00 1.000000000000000000e+00 1.273201984081707150e-01 -3.732019849695357439e-02 5.873201984902807204e-01 1.073201985948608883e-01
5.443835616438356340e+00 1.000000000000000000e+00 1.273156472550617535e-01 -3.731564734393313931e-02 5.873156473372542763e-01 1.073156474419380974e-01
5.441095890410958980e+00 1.000000000000000000e+00 1.274979256335976308e-01 -3.749792571856513240e-02 5.874979257121807352e-01 1.074979258122646941e-01
5.438356164383561620e+00 1.000000000000000000e+00 1.270952809803460870e-01 -3.709528107767891963e-02 5.870952810703636837e-01 1.070952811850155728e-01
5.435616438356164259e+00 1.000000000000000000e+00 1.271686731433728512e-01 -3.716867323974706178e-02 5.871686732325045455e-01 1.071686733460267410e-01
5.430136986301369539e+00 1.000000000000000000e+00 1.272635085570980873e-01 -3.726350865122819711e-02 5.872635086441545527e-01 1.072635087550327937e-01
5.427397260273972179e+00 1.000000000000000000e+00 1.272699320083226782e-01 -3.726993210233793541e-02 5.872699320952734503e-01 1.072699322060162858e-01
5.424657534246575707e+00 1.000000000000000000e+00 1.272473855649433050e-01 -3.724738565938312540e-02 5.872473856522864022e-01 1.072473857635296846e-01
5.421917808219178347e+00 1.000000000000000000e+00 1.275267581048095400e-01 -3.752675819090033060e-02 5.875267581844318965e-01 1.075267582858394771e-01
5.419178082191780987e+00 1.000000000000000000e+00 1.276808864597217263e-01 -3.768088654340030069e-02 5.876808865371135893e-01 1.076808866356788741e-01
5.416438356164383627e+00 1.000000000000000000e+00 1.271581902698957489e-01 -3.715819037058758906e-02 5.871581903630204158e-01 1.071581904816290148e-01
5.408219178082192435e+00 1.000000000000000000e+00 1.271190159012846321e-01 -3.711901600237198923e-02 5.871190159947736742e-01 1.071190161138495522e-01
5.405479452054794187e+00 1.000000000000000000e+00 1.275534304973691968e-01 -3.755343059035658182e-02 5.875534305833673976e-01 1.075534306929012973e-01
5.402739726027396827e+00 1.000000000000000000e+00 1.270888029378760831e-01 -3.708880303757918634e-02 5.870888030300849270e-01 1.070888031475294710e-01
5.400000000000000355e+00 1.000000000000000000e+00 1.273092213612072032e-01 -3.730922145776972149e-02 5.873092214505130082e-01 1.073092215642564989e-01
5.397260273972602995e+00 1.000000000000000000e+00 1.272850815610825082e-01 -3.728508165811927205e-02 5.872850816508270455e-01 1.072850817651290617e-01
5.391780821917808275e+00 1.000000000000000000e+00 1.271469762333598819e-01 -3.714697633289759660e-02 5.871469763254167917e-01 1.071469764426659366e-01
5.389041095890410915e+00 1.000000000000000000e+00 1.271114994867748593e-01 -3.711149958693503448e-02 5.871114995794083358e-01 1.071114996973899780e-01
5.386301369863013555e+00 1.000000000000000000e+00 1.276023879521726301e-01 -3.760238804260178369e-02 5.876023880358062224e-01 1.076023881423250478e-01
5.383561643835616195e+00 1.000000000000000000e+00 1.276314050056658600e-01 -3.763140509571111236e-02 5.876314050889451801e-01 1.076314051950106043e-01
5.380821917808218835e+00 1.000000000000000000e+00 1.278225946832778626e-01 -3.782259476896841777e-02 5.878225947625298486e-01 1.078225948634651404e-01
5.378082191780821475e+00 1.000000000000000000e+00 1.276446489880873336e-01 -3.764464907728073267e-02 5.876446490705774517e-01 1.076446491756408580e-01
5.372602739726027643e+00 1.000000000000000000e+00 1.275125330000228818e-01 -3.751253309122011548e-02 5.875125330843646854e-01 1.075125331917895638e-01
5.369863013698630283e+00 1.000000000000000000e+00 1.275506325881510528e-01 -3.755063267845681202e-02 5.875506326716672945e-01 1.075506327780428317e-01
5.367123287671232923e+00 1.000000000000000000e+00 1.278582674036226052e-01 -3.785826748796128349e-02 5.878582674816216214e-01 1.078582675809658803e-01
5.364383561643835563e+00 1.000000000000000000e+00 1.278589326322602804e-01 -3.785893271658612863e-02 5.878589327102486939e-01 1.078589328095769934e-01
5.361643835616438203e+00 1.000000000000000000e+00 1.284548806459862025e-01 -3.845488071677471281e-02 5.884548807114547975e-01 1.084548807948365196e-01
5.358904109589040843e+00 1.000000000000000000e+00 1.285835917796116501e-01 -3.858359184903614042e-02 5.885835918438191428e-01 1.085835919255934701e-01
5.353424657534247011e+00 1.000000000000000000e+00 1.286902900851286113e-01 -3.869029015265528643e-02 5.886902901475807859e-01 1.086902902271198457e-01
5.350684931506849651e+00 1.000000000000000000e+00 1.292795094403308698e-01 -3.927950949412743753e-02 5.892795094900852293e-01 1.092795095534502686e-01
5.347945205479452291e+00 1.000000000000000000e+00 1.291984698833239797e-01 -3.919846993797776458e-02 5.891984699338699283e-01 1.091984699982458673e-01
5.345205479452054931e+00 1.000000000000000000e+00 1.281371203127590896e-01 -3.813712038326941278e-02 5.881371203779691692e-01 1.081371204610242914e-01
5.342465753424657571e+00 1.000000000000000000e+00 1.283377196638602336e-01 -3.833771973259542110e-02 5.883377197274293202e-01 1.083377198083930321e-01
5.339726027397260211e+00 1.000000000000000000e+00 1.285517551715412155e-01 -3.855175523725583309e-02 5.885517552323180634e-01 1.085517553097218868e-01
5.334246575342465491e+00 1.000000000000000000e+00 1.283371121196832110e-01 -3.833711219052025887e-02 5.883371121851965757e-01 1.083371122686351412e-01
5.331506849315068131e+00 1.000000000000000000e+00 1.275110247002472774e-01 -3.751102478699522291e-02 5.875110247804745667e-01 1.075110248826565279e-01
5.328767123287671659e+00 1.000000000000000000e+00 1.273293150188973821e-01 -3.732931510735356534e-02 5.873293151007040747e-01 1.073293152048989951e-01
5.326027397260274299e+00 1.000000000000000000e+00 1.277139167548234644e-01 -3.771391683732270433e-02 5.877139168311226181e-01 1.077139169282987641e-01
5.323287671232876939e+00 1.000000000000000000e+00 1.280844690034950439e-01 -3.808446907974614992e-02 5.880844690740163472e-01 1.080844691638322835e-01
5.320547945205479579e+00 1.000000000000000000e+00 1.283270979344142138e-01 -3.832709800648063936e-02 5.883270980010671947e-01 1.083270980859517146e-01
5.312328767123288387e+00 1.000000000000000000e+00 1.282208193427253340e-01 -3.822081941691550522e-02 5.882208194113432986e-01 1.082208194987291094e-01
5.309589041095890138e+00 1.000000000000000000e+00 1.281454838735751611e-01 -3.814548394920587449e-02 5.881454839435247273e-01 1.081454840326085826e-01
5.306849315068492778e+00 1.000000000000000000e+00 1.278715437375656516e-01 -3.787154382142658704e-02 5.878715438151264072e-01 1.078715439139053961e-01
5.304109589041096307e+00 1.000000000000000000e+00 1.281499074883273304e-01 -3.814990756771866054e-02 5.881499075617547811e-01 1.081499076552679267e-01
5.301369863013698946e+00 1.000000000000000000e+00 1.283296770608370330e-01 -3.832967713645498570e-02 5.883296771307753303e-01 1.083296772198426711e-01
5.295890410958904226e+00 1.000000000000000000e+00 1.281076492811357992e-01 -3.810764936270869679e-02 5.881076493565809971e-01 1.081076494526637122e-01
5.293150684931506866e+00 1.000000000000000000e+00 1.279755998924223537e-01 -3.797559997632905804e-02 5.879755999700237989e-01 1.079756000688574802e-01
5.290410958904109506e+00 1.000000000000000000e+00 1.278644308571646182e-01 -3.786443094302802820e-02 5.878644309365769205e-01 1.078644310377145643e-01
5.287671232876712146e+00 1.000000000000000000e+00 1.283415964579572022e-01 -3.834159653210245794e-02 5.883415965265341718e-01 1.083415966138661368e-01
5.284931506849314786e+00 1.000000000000000000e+00 1.286272619377669402e-01 -3.862726200843030061e-02 5.886272620031243186e-01 1.086272620863540789e-01
5.282191780821917426e+00 1.000000000000000000e+00 1.281631630407574218e-01 -3.816316312031830388e-02 5.881631631143412475e-01 1.081631632080538863e-01
5.276712328767123594e+00 1.000000000000000000e+00 1.279474336837164716e-01 -3.794743376617531333e-02 5.879474337599789324e-01 1.079474338571071029e-01
5.273972602739726234e+00 1.000000000000000000e+00 1.280278449687081710e-01 -3.802784504962702233e-02 5.880278450435475479e-01 1.080278451388609479e-01
5.271232876712328874e+00 1.000000000000000000e+00 1.275339758434556880e-01 -3.753397593850413966e-02 5.875339759313608079e-01 1.075339760433204894e-01
5.268493150684932402e+00 1.000000000000000000e+00 1.271820028256101243e-01 -3.718200292457900930e-02 5.871820029171400668e-01 1.071820030337189006e-01
5.265753424657534154e+00 1.000000000000000000e+00 1.266225935340371811e-01 -3.662259364185652122e-02 5.866225936337526869e-01 1.066225937607572088e-01
5.263013698630136794e+00 1.000000000000000000e+00 1.270157689799330525e-01 -3.701576908283021189e-02 5.870157690750982260e-01 1.070157691963031649e-01
5.257534246575342074e+00 1.000000000000000000e+00 1.269625586869398692e-01 -3.696255879065592914e-02 5.869625587828615210e-01 1.069625589050323122e-01
5.254794520547945602e+00 1.000000000000000000e+00 1.270057811645509405e-01 -3.700578126746410096e-02 5.870057812597304636e-01 1.070057813809544844e-01
5.252054794520548242e+00 1.000000000000000000e+00 1.271051662758194145e-01 -3.710516637684930369e-02 5.871051663692583578e-01 1.071051664882634591e-01
5.249315068493150882e+00 1.000000000000000000e+00 1.271624056306339956e-01 -3.716240573053007645e-02 5.871624057230244720e-01 1.071624058406933505e-01
5.246575342465753522e+00 1.000000000000000000e+00 1.273391263052648381e-01 -3.733912640146375833e-02 5.873391263942362439e-01 1.073391265075498979e-01
5.243835616438356162e+00 1.000000000000000000e+00 1.271312738033991141e-01 -3.713127390481581191e-02 5.871312738971973255e-01 1.071312740166560085e-01
5.238356164383561442e+00 1.000000000000000000e+00 1.270356487155215319e-01 -3.703564881860394592e-02 5.870356488108603443e-01 1.070356489322810273e-01
5.235616438356164082e+00 1.000000000000000000e+00 1.271746607257057404e-01 -3.717466082626359053e-02 5.871746608187073946e-01 1.071746609371566211e-01
5.232876712328766722e+00 1.000000000000000000e+00 1.267238853285240774e-01 -3.672388543865961336e-02 5.867238854303825635e-01 1.067238855601156250e-01
5.230136986301370250e+00 1.000000000000000000e+00 1.264457071634285112e-01 -3.644570727729679743e-02 5.864457072687396799e-01 1.064457074028691969e-01
5.227397260273972890e+00 1.000000000000000000e+00 1.251434154496586237e-01 -3.514341558055962544e-02 5.851434155707209150e-01 1.051434157249161311e-01
5.219178082191780810e+00 1.000000000000000000e+00 1.252611671139415017e-01 -3.526116724392155261e-02 5.852611672341514470e-01 1.052611673872625581e-01
5.216438356164384338e+00 1.000000000000000000e+00 1.251086697766285449e-01 -3.510866990855510822e-02 5.851086698986386336e-01 1.051086700540425634e-01
5.213698630136986090e+00 1.000000000000000000e+00 1.246616289208496015e-01 -3.466162906464798077e-02 5.846616290538370064e-01 1.046616292232279144e-01
5.210958904109588730e+00 1.000000000000000000e+00 1.244034661886180698e-01 -3.440346633566843115e-02 5.844034663246108208e-01 1.044034664978345656e-01
5.208219178082191370e+00 1.000000000000000000e+00 1.246714851719818995e-01 -3.467148531336258083e-02 5.846714853027317194e-01 1.046714854692761265e-01
5.205479452054794898e+00 1.000000000000000000e+00 1.248897023557482139e-01 -3.488970249232822146e-02 5.848897024820578494e-01 1.048897026429476409e-01
5.200000000000000178e+00 1.000000000000000000e+00 1.247039216428111330e-01 -3.470392178343513490e-02 5.847039217728594585e-01 1.047039219385139802e-01
5.197260273972602818e+00 1.000000000000000000e+00 1.247476096740117585e-01 -3.474760981376263935e-02 5.847476098032522440e-01 1.047476099678788658e-01
5.194520547945205458e+00 1.000000000000000000e+00 1.243743496529409603e-01 -3.437434980296054376e-02 5.843743497916760177e-01 1.043743499684012671e-01
5.191780821917808098e+00 1.000000000000000000e+00 1.240197786554657899e-01 -3.401977881062388798e-02 5.840197787989529488e-01 1.040197789817313839e-01
5.189041095890410737e+00 1.000000000000000000e+00 1.238123775623234529e-01 -3.381237772118080714e-02 5.838123777092322220e-01 1.038123778963677135e-01
5.186301369863013377e+00 1.000000000000000000e+00 1.238559631287539931e-01 -3.385596328670725796e-02 5.838559632748286932e-01 1.038559634608970245e-01
5.180821917808220434e+00 1.000000000000000000e+00 1.237265398432296076e-01 -3.372654000349432912e-02 5.837265399914403075e-01 1.037265401802328901e-01
5.178082191780822185e+00 1.000000000000000000e+00 1.236612115313841243e-01 -3.366121169287300541e-02 5.836612116807273765e-01 1.036612118709613756e-01
5.175342465753424825e+00 1.000000000000000000e+00 1.238065473845136044e-01 -3.380654754369223636e-02 5.838065475317197883e-01 1.038065477192325337e-01
5.172602739726028354e+00 1.000000000000000000e+00 1.230418196090728861e-01 -3.304181978372447426e-02 5.830418197705882211e-01 1.030418199763285386e-01
5.169863013698630105e+00 1.000000000000000000e+00 1.226253521264991792e-01 -3.262535230513327611e-02 5.826253522916966521e-01 1.026253525021294383e-01
5.167123287671232745e+00 1.000000000000000000e+00 1.225279769467843283e-01 -3.252797712670785907e-02 5.825279771131748330e-01 1.025279773251259324e-01
5.161643835616438025e+00 1.000000000000000000e+00 1.225111919638380564e-01 -3.251119214411622715e-02 5.825111921305579088e-01 1.025111923429254390e-01
5.158904109589040665e+00 1.000000000000000000e+00 1.228469802062837485e-01 -3.284698037633361489e-02 5.828469803635449864e-01 1.028469805638631274e-01
5.156164383561644193e+00 1.000000000000000000e+00 1.226255782046112575e-01 -3.262557837782890241e-02 5.826255783648019992e-01 1.026255785688515998e-01
5.153424657534246833e+00 1.000000000000000000e+00 1.220623622408732178e-01 -3.206236242795227481e-02 5.820623624138834273e-01 1.020623626342616053e-01
5.150684931506849473e+00 1.000000000000000000e+00 1.223357406525459878e-01 -3.233574083671163224e-02 5.823357408228613252e-01 1.023357410398077483e-01
5.147945205479452113e+00 1.000000000000000000e+00 1.225108344826271178e-01 -3.251083466391842952e-02 5.825108346502826384e-01 1.025108348638450323e-01
5.142465753424657393e+00 1.000000000000000000e+00 1.224453581993750068e-01 -3.244535838237608272e-02 5.824453583686098890e-01 1.024453585841877540e-01
5.139726027397260033e+00 1.000000000000000000e+00 1.223833299405642644e-01 -3.238333012497350560e-02 5.823833301111022154e-01 1.023833303283378238e-01
5.136986301369862673e+00 1.000000000000000000e+00 1.217293656968937848e-01 -3.172936589581987210e-02 5.817293658808566637e-01 1.017293661151936202e-01
5.134246575342465313e+00 1.000000000000000000e+00 1.215427118868349227e-01 -3.154271208764590495e-02 5.815427120725409349e-01 1.015427123090985873e-01
5.131506849315068841e+00 1.000000000000000000e+00 1.214952538971305201e-01 -3.149525409870191500e-02 5.814952540835407468e-01 1.014952543209928920e-01
5.128767123287672369e+00 1.000000000000000000e+00 1.214188780740043522e-01 -3.141887827704022140e-02 5.814188782617700779e-01 1.014188785009464550e-01
5.123287671232876761e+00 1.000000000000000000e+00 1.214296606627284225e-01 -3.142966086557025945e-02 5.814296608503136676e-01 1.014296610892625322e-01
5.120547945205479401e+00 1.000000000000000000e+00 1.216200484863943082e-01 -3.162004868510551875e-02 5.816200486701604833e-01 1.016200489042426158e-01
5.117808219178082041e+00 1.000000000000000000e+00 1.218515992652344088e-01 -3.185159945777322338e-02 5.818515994432932326e-01 1.018515996701034876e-01
5.115068493150684681e+00 1.000000000000000000e+00 1.217208812684168057e-01 -3.172088146336259767e-02 5.817208814487009327e-01 1.017208816783477521e-01
5.112328767123287321e+00 1.000000000000000000e+00 1.216438645725771150e-01 -3.164386476895234002e-02 5.816438647541815055e-01 1.016438649855136572e-01
5.109589041095890849e+00 1.000000000000000000e+00 1.219192628533905254e-01 -3.191926304405542925e-02 5.819192630297133073e-01 1.019192632543196170e-01
5.101369863013698769e+00 1.000000000000000000e+00 1.216939330541922520e-01 -3.169393325066150596e-02 5.816939332358833648e-01 1.016939334673269274e-01
5.098630136986301409e+00 1.000000000000000000e+00 1.219748968179459464e-01 -3.197489700857261696e-02 5.819748969942342143e-01 1.019748972187950187e-01
5.095890410958904049e+00 1.000000000000000000e+00 1.219877635299235069e-01 -3.198776372031409548e-02 5.819877637059940323e-01 1.019877639302764344e-01
5.093150684931506689e+00 1.000000000000000000e+00 1.218368836399201377e-01 -3.183688383346094247e-02 5.818368838189050818e-01 1.018368840468968500e-01
5.090410958904109329e+00 1.000000000000000000e+00 1.219892832092320661e-01 -3.198928340014240562e-02 5.819892833857852610e-01 1.019892836106772449e-01
5.082191780821918137e+00 1.000000000000000000e+00 1.217772847907986900e-01 -3.177728498670387425e-02 5.817772849719702322e-01 1.017772852027470920e-01
5.079452054794520777e+00 1.000000000000000000e+00 1.213444955481897541e-01 -3.134449575496164181e-02 5.813444957394104939e-01 1.013444959829885306e-01
5.076712328767123417e+00 1.000000000000000000e+00 1.210356144521099880e-01 -3.103561466298046523e-02 5.810356146471218342e-01 1.010356148955276062e-01
5.073972602739726057e+00 1.000000000000000000e+00 1.212630747693218131e-01 -3.126307497576179956e-02 5.812630749602371028e-01 1.012630752034233556e-01
5.071232876712328697e+00 1.000000000000000000e+00 1.203406644748847981e-01 -3.034066469892303733e-02 5.803406646820746806e-01 1.003406649459924888e-01
5.065753424657533976e+00 1.000000000000000000e+00 1.202049715184327905e-01 -3.020497174367437962e-02 5.802049717267366846e-01 1.002049719920706933e-01
5.063013698630136616e+00 1.000000000000000000e+00 1.199850485348705059e-01 -2.998504876330194274e-02 5.799850487461264414e-01 9.998504901521580723e-02
5.060273972602740145e+00 1.000000000000000000e+00 1.201441720445391298e-01 -3.014417226991848373e-02 5.801441722529724343e-01 1.001441725184663151e-01
5.057534246575342785e+00 1.000000000000000000e+00 1.198279114436906906e-01 -2.982791167943428176e-02 5.798279116617078843e-01 9.982791193941185914e-02
5.054794520547945424e+00 1.000000000000000000e+00 1.192635071816334214e-01 -2.926350742526443588e-02 5.792635074069448775e-01 9.926350769394003126e-02
5.052054794520548064e+00 1.000000000000000000e+00 1.194345379338649787e-01 -2.943453817527736868e-02 5.794345381571252007e-01 9.943453844150625109e-02
5.043835616438355984e+00 1.000000000000000000e+00 1.193210198201794109e-01 -2.932102006379466372e-02 5.793210200454769199e-01 9.932102033245308881e-02
5.041095890410958624e+00 1.000000000000000000e+00 1.192529139575496805e-01 -2.925291420240259954e-02 5.792529141839903861e-01 9.925291447242609588e-02
5.038356164383561264e+00 1.000000000000000000e+00 1.184605365610021527e-01 -2.846053682423176426e-02 5.784605368044377638e-01 9.846053711452129598e-02
5.035616438356164792e+00 1.000000000000000000e+00 1.185854034205238994e-01 -2.858540368264896742e-02 5.785854036629376473e-01 9.858540397172049774e-02
5.032876712328767432e+00 1.000000000000000000e+00 1.188329078110937492e-01 -2.883290806961942912e-02 5.788329080501783963e-01 9.883290835472151314e-02
5.027397260273972712e+00 1.000000000000000000e+00 1.187112282841221861e-01 -2.871122854482227940e-02 5.787112285252179467e-01 9.871122883232262557e-02
5.024657534246575352e+00 1.000000000000000000e+00 1.188568347546106185e-01 -2.885683501258165876e-02 5.788568349931816348e-01 9.885683529707210704e-02
5.021917808219177992e+00 1.000000000000000000e+00 1.186022993401325276e-01 -2.860229960333560834e-02 5.786022995835423677e-01 9.860229989359610425e-02
5.019178082191780632e+00 1.000000000000000000e+00 1.183385288751163805e-01 -2.833852914468518169e-02 5.783385291244126369e-01 9.833852944196597168e-02
5.016438356164383272e+00 1.000000000000000000e+00 1.182641619178003700e-01 -2.826416218868506650e-02 5.782641621683133337e-01 9.826416248741727533e-02
