3.016438356164384160e+00 4.125000000000000194e-02 1.156400000000000136e-02 6.225470406269135309e-02 5.004434673645814513e+00 2.955652974162521485e-01
3.013698630136986356e+00 4.125000000000000194e-02 1.188199999999999847e-02 6.284512752745609332e-02 5.005025094312418155e+00 2.949748740875401398e-01
3.010958904109588996e+00 4.125000000000000194e-02 1.172299999999999905e-02 6.224801056300277580e-02 5.004427980427164080e+00 2.955719909022750946e-01
3.005479452054794720e+00 4.125000000000000194e-02 1.200099999999999952e-02 6.253462617130971235e-02 5.004714594429963803e+00 2.952853753720319774e-01
3.002739726027397360e+00 4.125000000000000194e-02 1.184600000000000063e-02 6.194842830889453478e-02 5.004128400171066637e+00 2.958715730592356152e-01
3.000000000000000000e+00 4.125000000000000194e-02 1.169100000000000000e-02 6.136272181654454927e-02 5.003542697553275964e+00 2.964572793631948810e-01
2.997260273972602196e+00 4.125000000000000194e-02 1.149500000000000001e-02 8.178290100929651307e-02 5.043714294049359559e+00 2.462087292633023117e-01
2.994520547945205280e+00 4.125000000000000194e-02 1.201900000000000017e-02 8.688294092130621760e-02 5.045894607961691314e+00 2.455431986615677076e-01
2.991780821917808364e+00 4.125000000000000194e-02 1.315999999999999982e-02 9.841015511292276752e-02 5.050844107895481550e+00 2.440310440916700074e-01
2.986301369863013644e+00 4.125000000000000194e-02 1.322000000000000085e-02 9.820805924618987437e-02 5.050757238140995753e+00 2.440575901874603160e-01
2.983561643835616284e+00 4.125000000000000194e-02 1.294400000000000064e-02 9.492092247263934912e-02 5.049343668839521015e+00 2.444895943667280136e-01
2.980821917808219812e+00 4.125000000000000194e-02 1.345499999999999995e-02 9.982246317838863736e-02 5.051454055174308344e+00 2.438444719909995118e-01
2.978082191780822008e+00 4.125000000000000194e-02 1.366400000000000080e-02 1.015749861968585216e-01 5.052208992644027674e+00 2.436136717794673556e-01
2.975342465753424648e+00 4.125000000000000194e-02 1.609199999999999867e-02 1.262098803742296993e-01 5.063196072543107995e+00 2.402293638808722653e-01
2.972602739726027732e+00 4.125000000000000194e-02 1.487500000000000107e-02 1.132508421805149545e-01 5.057289040387795254e+00 2.420580186111062071e-01
2.964383561643836096e+00 4.125000000000000194e-02 1.570200000000000068e-02 1.204555978222484058e-01 5.060597161542355948e+00 2.410321292852189989e-01
2.961643835616438292e+00 4.125000000000000194e-02 1.577399999999999983e-02 1.207572887870302786e-01 5.060735886596430255e+00 2.409890938135004212e-01
2.958904109589040932e+00 4.125000000000000194e-02 1.526999999999999885e-02 1.151590846840957888e-01 5.058154692963736210e+00 2.417903644451580847e-01
2.956164383561644016e+00 4.125000000000000194e-02 1.470299999999999906e-02 1.089147929537703507e-01 5.055260658079194336e+00 2.426898926963855230e-01
2.953424657534246656e+00 4.125000000000000194e-02 1.469600000000000073e-02 1.084158962731442410e-01 5.055028939559338852e+00 2.427619540312388469e-01
2.945205479452054576e+00 4.125000000000000194e-02 1.436500000000000103e-02 1.037479931900198438e-01 5.052854919152385271e+00 2.434385081184615718e-01
2.942465753424657660e+00 4.125000000000000194e-02 1.561500000000000041e-02 1.160816196900698732e-01 5.058732921715214381e+00 2.415984047676026925e-01
2.939726027397260300e+00 4.125000000000000194e-02 1.605600000000000083e-02 1.201296006178727560e-01 5.060695560698447615e+00 2.409811326435761236e-01
2.936986301369862939e+00 4.125000000000000194e-02 1.577699999999999936e-02 1.168573903819199455e-01 5.059103123121895251e+00 2.414824925078259688e-01
2.934246575342465579e+00 4.125000000000000194e-02 1.569700000000000262e-02 1.156084876907260695e-01 5.058494191855661626e+00 2.416743086828831710e-01
2.928767123287671748e+00 4.125000000000000194e-02 1.488100000000000013e-02 1.064542860482854958e-01 5.053950267465136648e+00 2.431130213705499643e-01
2.926027397260273943e+00 4.125000000000000194e-02 1.436299999999999903e-02 1.007611381153019903e-01 5.051052828735115519e+00 2.440374263162207458e-01
2.923287671232876583e+00 4.125000000000000194e-02 1.332700000000000030e-02 8.978990603012791671e-02 5.045260028342747560e+00 2.459079818949444218e-01
2.920547945205480111e+00 4.125000000000000194e-02 1.513899999999999968e-02 1.077759248886575039e-01 5.055793331716480488e+00 2.423636472302782563e-01
2.917808219178082307e+00 4.125000000000000194e-02 1.526000000000000099e-02 1.085683197178019810e-01 5.056286620698891454e+00 2.421923575294524233e-01
2.915068493150684947e+00 4.125000000000000194e-02 1.489900000000000078e-02 1.044886150139335695e-01 5.053737927489319937e+00 2.430791100727525966e-01
2.909589041095890227e+00 4.125000000000000194e-02 1.427699999999999976e-02 9.734703117762873170e-02 5.049205659014596392e+00 2.446703139588725096e-01
2.906849315068493311e+00 4.125000000000000194e-02 1.556300000000000044e-02 1.098887238755154316e-01 5.057578296885251845e+00 2.416346448635996735e-01
2.904109589041095951e+00 4.125000000000000194e-02 1.600800000000000139e-02 1.139219745347063856e-01 5.060389053227620337e+00 2.405816379955811046e-01
2.901369863013698591e+00 4.125000000000000194e-02 1.675700000000000106e-02 1.209810856865536216e-01 5.065383764604797889e+00 2.386867103250789601e-01
2.898630136986300787e+00 4.125000000000000194e-02 1.702399999999999747e-02 1.232020623602045756e-01 5.066980995598461490e+00 2.380719101903480683e-01
2.895890410958904315e+00 4.125000000000000194e-02 1.745999999999999983e-02 1.270983337594840945e-01 5.069798279815865172e+00 2.369820610942505734e-01
2.890410958904109595e+00 4.125000000000000194e-02 1.786799999999999847e-02 1.302478719432351162e-01 5.072096404290102001e+00 2.360853445979985699e-01
2.887671232876711791e+00 4.125000000000000194e-02 1.864999999999999991e-02 1.375347710066762708e-01 5.077520537698663183e+00 2.339267002873289814e-01
2.884931506849314875e+00 4.125000000000000194e-02 1.851099999999999968e-02 1.357007848714322229e-01 5.076117646289583618e+00 2.345023105348763015e-01
2.882191780821917959e+00 4.125000000000000194e-02 1.948199999999999932e-02 1.448087177796227032e-01 5.083263312138724288e+00 2.314798599656507083e-01
2.879452054794520599e+00 4.125000000000000194e-02 1.915899999999999895e-02 1.411654969980409569e-01 5.080285824230107217e+00 2.328175600049731953e-01
2.876712328767123239e+00 4.125000000000000194e-02 1.942299999999999929e-02 1.432932687623811319e-01 5.082037221043213648e+00 2.320214540998025987e-01
2.871232876712328963e+00 4.125000000000000194e-02 1.942299999999999929e-02 1.423584454872140470e-01 5.081265689350466630e+00 2.323737449473392003e-01
2.868493150684932047e+00 4.125000000000000194e-02 2.117399999999999838e-02 1.593125029422172712e-01 5.158615589912430188e+00 2.719720760820151795e-01
2.865753424657534243e+00 4.125000000000000194e-02 2.166200000000000070e-02 1.635853927342977854e-01 5.158874882027790321e+00 2.712763298268893730e-01
2.863013698630136883e+00 4.125000000000000194e-02 2.098199999999999718e-02 1.564724687488575072e-01 5.158424499477711755e+00 2.724836058566317831e-01
2.860273972602739523e+00 4.125000000000000194e-02 2.134599999999999692e-02 1.595346802909229367e-01 5.158628805604720924e+00 2.719367076491157054e-01
2.857534246575342607e+00 4.125000000000000194e-02 2.284299999999999872e-02 1.738699517589700760e-01 5.207404370673767602e+00 3.097854844765994264e-01
2.852054794520547887e+00 4.125000000000000194e-02 2.278000000000000164e-02 1.722645750621489003e-01 5.207317502026172384e+00 3.100231801795951259e-01
2.849315068493150527e+00 4.125000000000000194e-02 2.336099999999999982e-02 1.773702455540845380e-01 5.207597920872512276e+00 3.092561000484349010e-01
2.846575342465753611e+00 4.125000000000000194e-02 2.372700000000000156e-02 1.803883711972631698e-01 5.207768368900156375e+00 3.087901054501417386e-01
2.843835616438356251e+00 4.125000000000000194e-02 2.312300000000000119e-02 1.740750597258981236e-01 5.207399717354623370e+00 3.097972655577849177e-01
2.841095890410958891e+00 4.125000000000000194e-02 2.334599999999999870e-02 1.757178432634837473e-01 5.207500379081036357e+00 3.095225663048994935e-01
2.838356164383561087e+00 4.125000000000000194e-02 2.462499999999999759e-02 1.877822935592951825e-01 5.257132867616221006e+00 3.495373355705618246e-01
2.832876712328767699e+00 4.125000000000000194e-02 2.490900000000000059e-02 1.894647385232290926e-01 5.257221378773393461e+00 3.492938321817604108e-01
2.830136986301369895e+00 4.125000000000000194e-02 2.418099999999999764e-02 1.820052847137418883e-01 5.256814401259161329e+00 3.504127190546176829e-01
2.827397260273972535e+00 4.125000000000000194e-02 2.524099999999999955e-02 1.915892976434958872e-01 5.257402885277243421e+00 3.487989783447664194e-01
2.824657534246575175e+00 4.125000000000000194e-02 2.483699999999999797e-02 1.872321366783051277e-01 5.257105603638876801e+00 3.496117974538612838e-01
2.821917808219178259e+00 4.125000000000000194e-02 2.467699999999999755e-02 1.851965582628589124e-01 5.256963356940836718e+00 3.500004351381357792e-01
2.819178082191780899e+00 4.125000000000000194e-02 2.515600000000000128e-02 1.892277466278655396e-01 5.257249807702575772e+00 3.492182306405768877e-01
2.813698630136986178e+00 4.125000000000000194e-02 2.544400000000000134e-02 1.909165868482011752e-01 5.257373233889589770e+00 3.488815135904254072e-01
2.810958904109589263e+00 4.125000000000000194e-02 2.499600000000000086e-02 1.861613190049857536e-01 5.257017242331179396e+00 3.498518771873079247e-01
2.808219178082191902e+00 4.125000000000000194e-02 2.405400000000000246e-02 1.767302626968559331e-01 5.256216270030247273e+00 3.520244090177989116e-01
2.805479452054794542e+00 4.125000000000000194e-02 2.364499999999999935e-02 1.723473884718792759e-01 5.255775392894947551e+00 3.532089876238971859e-01
2.802739726027397182e+00 4.125000000000000194e-02 2.455999999999999850e-02 1.804933490226314219e-01 5.256668022960948150e+00 3.508243256679904332e-01
2.794520547945205102e+00 4.125000000000000194e-02 2.484899999999999956e-02 1.816755514909693392e-01 5.256812560579596116e+00 3.504417377586006022e-01
2.791780821917808186e+00 4.125000000000000194e-02 2.445899999999999810e-02 1.774946593944234929e-01 5.256292898903083710e+00 3.518152036188656462e-01
2.789041095890410826e+00 4.125000000000000194e-02 2.597700000000000009e-02 1.912046265251223509e-01 5.258373066612847424e+00 3.464309659880588366e-01
2.786301369863013910e+00 4.125000000000000194e-02 2.575299999999999812e-02 1.885910746288609607e-01 5.257870287323333613e+00 3.476804308835750312e-01
2.783561643835616994e+00 4.125000000000000194e-02 2.673900000000000235e-02 1.974134557078891794e-01 5.287530049289032696e+00 3.656251794058895666e-01
2.780821917808219190e+00 4.125000000000000194e-02 2.677700000000000219e-02 1.972363469432419358e-01 5.287508422898521410e+00 3.656825466341220854e-01
2.775342465753424470e+00 4.125000000000000194e-02 2.660899999999999724e-02 1.946143011224750752e-01 5.287186712466787952e+00 3.665355560574923288e-01
2.772602739726027998e+00 4.125000000000000194e-02 2.627800000000000274e-02 1.910108837574916174e-01 5.286734873570318349e+00 3.677311628599209126e-01
2.769863013698630194e+00 4.125000000000000194e-02 2.481500000000000025e-02 1.768795406441909523e-01 5.284582753341997119e+00 3.733096294471485166e-01
2.767123287671232834e+00 4.125000000000000194e-02 2.591000000000000247e-02 1.865348450051633189e-01 5.286540565523232260e+00 3.684876069715850577e-01
2.764383561643835474e+00 4.125000000000000194e-02 2.629399999999999793e-02 1.895653031176872949e-01 5.287213725682939902e+00 3.668649468500926880e-01
2.761643835616438558e+00 4.125000000000000194e-02 2.730899999999999994e-02 1.983990619631769703e-01 5.289286767332249894e+00 3.619374610275570281e-01
2.756164383561643838e+00 4.125000000000000194e-02 2.742999999999999952e-02 1.984427350590860784e-01 5.289297868404914560e+00 3.619116792555002737e-01
2.753424657534246478e+00 4.125000000000000194e-02 2.731100000000000194e-02 1.968158209815624449e-01 5.288883658291505974e+00 3.628731911194253423e-01
2.750684931506849118e+00 4.125000000000000194e-02 2.784400000000000069e-02 2.011647200797899160e-01 5.290009755543485070e+00 3.602726215992260173e-01
2.747945205479452202e+00 4.125000000000000194e-02 2.654300000000000062e-02 1.887115565486132684e-01 5.286274665506884851e+00 3.684859162512318376e-01
2.745205479452054842e+00 4.125000000000000194e-02 2.711599999999999774e-02 1.934298148152078511e-01 5.287979455109740101e+00 3.650262155264683006e-01
2.742465753424657038e+00 4.125000000000000194e-02 2.734900000000000178e-02 1.950260045985007795e-01 5.288571176539695884e+00 3.638399439954026482e-01
2.736986301369863206e+00 4.125000000000000194e-02 2.743100000000000052e-02 1.947060832284167320e-01 5.288452174380113391e+00 3.640781260000556241e-01
2.734246575342465846e+00 4.125000000000000194e-02 2.597900000000000209e-02 1.809327211566654769e-01 5.282586766910629450e+00 3.750436570348239518e-01
2.731506849315068486e+00 4.125000000000000194e-02 2.606199999999999836e-02 1.811680733386012709e-01 5.282706395099387997e+00 3.748426313386178932e-01
2.728767123287671126e+00 4.125000000000000194e-02 2.647400000000000100e-02 1.843983687687635320e-01 5.284356726154591399e+00 3.720783469948115152e-01
2.726027397260273766e+00 4.125000000000000194e-02 2.579700000000000049e-02 1.777102626261551632e-01 5.280817245204857180e+00 3.778741008608834107e-01
2.723287671232876850e+00 4.125000000000000194e-02 2.588299999999999976e-02 1.779729392205262051e-01 5.280963321146897371e+00 3.776426856435000645e-01
2.717808219178082130e+00 4.125000000000000194e-02 2.602700000000000152e-02 1.782392622403475846e-01 5.281111443397595195e+00 3.774080484347999143e-01
2.715068493150684770e+00 4.125000000000000194e-02 2.573900000000000146e-02 1.751036898702023337e-01 5.279356609182519477e+00 3.801761639629674949e-01
2.712328767123287854e+00 4.125000000000000194e-02 2.710599999999999815e-02 1.869523098174371289e-01 5.286780786797370624e+00 3.693512447074700500e-01
2.709589041095890494e+00 4.125000000000000194e-02 2.667299999999999879e-02 1.825156279125255687e-01 5.283591770028134960e+00 3.735420354562411505e-01
2.706849315068493134e+00 4.125000000000000194e-02 2.611499999999999932e-02 1.769516274509986276e-01 5.279486557410247194e+00 3.788278218472486136e-01
2.704109589041096218e+00 4.125000000000000194e-02 2.586899999999999963e-02 1.742079239653260281e-01 5.277407971544231913e+00 3.814487769123559024e-01
2.698630136986301054e+00 4.125000000000000194e-02 2.613900000000000251e-02 1.756010413198017817e-01 5.278470906828018450e+00 3.801160533168174149e-01
2.695890410958904138e+00 4.125000000000000194e-02 2.628699999999999787e-02 1.764104001355533968e-01 5.279089828892518987e+00 3.793414289642767501e-01
2.693150684931506778e+00 4.125000000000000194e-02 2.480700000000000266e-02 1.625561488958902345e-01 5.267597413025462139e+00 3.928093450744068460e-01
2.690410958904109417e+00 4.125000000000000194e-02 2.501999999999999710e-02 1.639655435759095614e-01 5.268855857294278522e+00 3.914225368843511910e-01
2.687671232876712502e+00 4.125000000000000194e-02 2.477799999999999794e-02 1.612729149149590702e-01 5.266447607301877554e+00 3.940727060524618630e-01
2.684931506849315141e+00 4.125000000000000194e-02 2.483900000000000344e-02 1.613111066160826668e-01 5.266481855791228739e+00 3.940351011012401261e-01
2.676712328767123505e+00 4.125000000000000194e-02 2.570600000000000315e-02 1.675474118967220649e-01 5.272113278679992909e+00 3.878879616834370880e-01
2.673972602739726145e+00 4.125000000000000194e-02 2.562600000000000294e-02 1.663133019696695913e-01 5.270981400406192563e+00 3.891072958137176685e-01
2.671232876712328785e+00 4.125000000000000194e-02 2.647700000000000053e-02 1.733887740079630424e-01 5.277526253800126632e+00 3.821076303568496924e-01
2.668493150684931425e+00 4.125000000000000194e-02 2.631600000000000258e-02 1.714301344186823506e-01 5.275684552997478072e+00 3.840499051668669339e-01
2.665753424657534065e+00 4.125000000000000194e-02 2.656499999999999834e-02 1.731212383596128224e-01 5.277277107864248862e+00 3.823725656285777430e-01
2.660273972602739789e+00 4.125000000000000194e-02 2.656499999999999834e-02 1.720591055944242220e-01 5.264485391325620434e+00 3.802742208284389247e-01
2.657534246575342429e+00 4.125000000000000194e-02 2.732300000000000006e-02 1.782189035564007151e-01 5.239588688978713549e+00 3.659584460154960417e-01
2.654794520547945069e+00 4.125000000000000194e-02 2.734599999999999878e-02 1.778896238126022322e-01 5.239348322269896663e+00 3.662492272080729028e-01
2.652054794520548153e+00 4.125000000000000194e-02 2.777999999999999914e-02 1.811904631098839036e-01 5.241773384573975569e+00 3.633254452039253457e-01
2.649315068493150793e+00 4.125000000000000194e-02 2.815399999999999847e-02 1.839498434533290427e-01 5.243854869686705555e+00 3.608513335438905956e-01
2.646575342465752989e+00 4.125000000000000194e-02 3.067299999999999888e-02 2.058554566082596016e-01 5.331188194095170196e+00 3.928891010801322525e-01
2.641095890410958713e+00 4.125000000000000194e-02 3.144199999999999773e-02 2.114737220622578406e-01 5.331467950920589338e+00 3.921164248364069072e-01
2.638356164383561797e+00 4.125000000000000194e-02 3.366699999999999554e-02 2.307042706920782171e-01 5.392018918728454402e+00 4.410504220194560454e-01
2.635616438356164437e+00 4.125000000000000194e-02 3.439299999999999996e-02 2.365172862854085511e-01 5.407720001919111397e+00 4.538438663966182229e-01
2.632876712328767077e+00 4.125000000000000194e-02 3.209599999999999953e-02 2.159241724462173662e-01 5.399278061578026922e+00 4.516029750376608920e-01
2.630136986301369717e+00 4.125000000000000194e-02 3.099600000000000272e-02 2.064499955078815119e-01 5.396710447587476089e+00 4.517125813048534777e-01
2.627397260273972801e+00 4.125000000000000194e-02 3.170100000000000001e-02 2.116878220873091299e-01 5.395675525790946558e+00 4.499114298567050696e-01
2.619178082191780721e+00 4.125000000000000194e-02 3.246000000000000274e-02 2.167223477225844741e-01 5.394658101191984301e+00 4.481440836711659825e-01
2.616438356164383805e+00 4.125000000000000194e-02 3.194199999999999817e-02 2.123869301217344019e-01 5.395553715996323163e+00 4.496968414280542170e-01
2.613698630136986445e+00 4.125000000000000194e-02 3.062300000000000091e-02 2.018016845782448498e-01 5.397884445635607875e+00 4.537137474641849133e-01
2.610958904109589085e+00 4.125000000000000194e-02 3.012399999999999800e-02 1.976170474001304744e-01 5.398883240192967392e+00 4.554200322534247558e-01
2.608219178082192169e+00 4.125000000000000194e-02 3.063200000000000298e-02 2.012965453853046982e-01 5.397987881948718147e+00 4.538939324084780846e-01
2.602739726027397005e+00 4.125000000000000194e-02 3.069500000000000006e-02 2.012121348747887839e-01 5.398008668418262879e+00 4.539293108258017351e-01
2.600000000000000089e+00 4.125000000000000194e-02 3.131899999999999962e-02 2.057686096180341984e-01 5.396872770156184274e+00 4.519989238430334733e-01
2.597260273972602729e+00 4.125000000000000194e-02 3.111600000000000130e-02 2.039033585072121402e-01 5.397351245149966559e+00 4.528090745666018546e-01
2.594520547945205369e+00 4.125000000000000194e-02 3.042600000000000166e-02 1.982649923749673637e-01 5.398838281997798916e+00 4.553176872512134099e-01
2.591780821917808009e+00 4.125000000000000194e-02 2.955400000000000041e-02 1.912169155942623211e-01 5.400868769160314109e+00 4.586986861739886789e-01
2.589041095890411093e+00 4.125000000000000194e-02 2.838999999999999857e-02 1.819029003743508344e-01 5.403949392120500406e+00 4.637035801134122837e-01
2.580821917808219013e+00 4.125000000000000194e-02 2.910200000000000287e-02 1.866007076891991190e-01 5.402190468409268753e+00 4.609246795107622696e-01
2.578082191780822097e+00 4.125000000000000194e-02 2.822499999999999662e-02 1.795507048901155422e-01 5.404991082448854733e+00 4.652835968790122179e-01
2.575342465753424737e+00 4.125000000000000194e-02 2.995699999999999752e-02 1.926082885012524448e-01 5.398886335124328362e+00 4.562282585339693108e-01
2.572602739726027821e+00 4.125000000000000194e-02 3.024400000000000005e-02 1.945240371857556438e-01 5.397860129734401546e+00 4.547812531295154503e-01
2.569863013698630017e+00 4.125000000000000194e-02 3.104699999999999821e-02 2.003686627943736254e-01 5.394672244824580076e+00 4.503185171504388018e-01
2.564383561643836185e+00 4.125000000000000194e-02 3.123300000000000035e-02 2.012062404143527827e-01 5.394201277467947087e+00 4.496674870248986156e-01
2.561643835616438380e+00 4.125000000000000194e-02 3.069700000000000206e-02 1.968446382305719389e-01 5.396678935887612383e+00 4.530777312438140081e-01
2.558904109589041020e+00 4.125000000000000194e-02 3.051200000000000093e-02 1.951537111794759971e-01 5.397662845294825651e+00 4.544179674450674611e-01
2.556164383561644105e+00 4.125000000000000194e-02 3.148499999999999910e-02 2.022426030463967961e-01 5.393399299676825187e+00 4.486942653752621357e-01
2.553424657534246744e+00 4.125000000000000194e-02 3.127900000000000125e-02 2.003951198075898388e-01 5.394585501091228252e+00 4.502381782225548523e-01
2.550684931506849384e+00 4.125000000000000194e-02 3.130499999999999949e-02 2.003019872179822303e-01 5.394645577923586899e+00 4.503161938632294636e-01
2.545205479452054664e+00 4.125000000000000194e-02 3.130499999999999949e-02 1.997227807243179831e-01 5.395019284140806448e+00 4.508014379493592849e-01
2.542465753424657748e+00 4.125000000000000194e-02 3.170200000000000101e-02 2.024200512878707447e-01 5.393269329640627774e+00 4.485353228239589152e-01
2.539726027397260388e+00 4.125000000000000194e-02 3.241600000000000037e-02 2.074831625179367756e-01 5.389864792253487025e+00 4.442043792973390248e-01
2.536986301369863028e+00 4.125000000000000194e-02 3.235599999999999588e-02 2.067369867126361838e-01 5.390395096734124536e+00 4.448596175249631690e-01
2.534246575342465668e+00 4.125000000000000194e-02 3.095499999999999988e-02 1.959553627804404008e-01 5.398698098734163509e+00 4.546751591152620176e-01
2.531506849315068308e+00 4.125000000000000194e-02 2.972100000000000089e-02 1.864192878780347451e-01 5.406996484473657105e+00 4.637799298490739575e-01
2.526027397260274032e+00 4.125000000000000194e-02 3.003499999999999920e-02 1.882160771574110658e-01 5.405379038334389818e+00 4.620436411974891411e-01
2.523287671232876672e+00 4.125000000000000194e-02 3.018200000000000049e-02 1.890355107496814457e-01 5.404640477365642681e+00 4.612514557365786083e-01
2.520547945205479756e+00 4.125000000000000194e-02 3.058899999999999814e-02 1.917924448911902113e-01 5.402151708919560313e+00 4.585847294503306859e-01
2.517808219178082396e+00 4.125000000000000194e-02 2.983699999999999894e-02 1.858996720483511167e-01 5.407525239699142894e+00 4.643046453869781320e-01
2.515068493150685036e+00 4.125000000000000194e-02 2.868300000000000016e-02 1.769998077313505169e-01 5.415852832441438558e+00 4.730189713396836804e-01
2.512328767123288120e+00 4.125000000000000194e-02 2.890500000000000014e-02 1.783891376825222641e-01 5.414529428153474377e+00 4.716506434317644381e-01
2.506849315068492956e+00 4.125000000000000194e-02 2.920899999999999885e-02 1.801119294925053738e-01 5.412887323137479001e+00 4.699535389887684045e-01
2.504109589041096040e+00 4.125000000000000194e-02 2.886299999999999977e-02 1.772621968002509596e-01 5.415607599891919754e+00 4.727621211970948756e-01
2.501369863013698680e+00 4.125000000000000194e-02 3.063000000000000098e-02 1.901043291239446209e-01 5.403145680657902794e+00 4.600387301300231102e-01
2.498630136986301320e+00 4.125000000000000194e-02 3.069200000000000053e-02 2.515574360524491238e-01 5.434004853127691881e+00 4.788983124069590702e-01
2.495890410958903960e+00 4.125000000000000194e-02 3.048800000000000121e-02 2.497643702040449887e-01 5.434310788245232615e+00 4.794343650489905073e-01
2.493150684931507044e+00 4.125000000000000194e-02 3.229800000000000032e-02 2.594826056625084143e-01 5.441293527086942916e+00 4.841987907848026573e-01
2.487671232876712324e+00 4.125000000000000194e-02 3.250399999999999817e-02 2.599340245016502071e-01 5.440601750482677801e+00 4.835185743192340624e-01
2.484931506849314964e+00 4.125000000000000194e-02 3.209399999999999753e-02 2.587932098609225795e-01 5.442345343164631366e+00 4.852332936469640479e-01
2.482191780821917604e+00 4.125000000000000194e-02 3.267599999999999671e-02 2.602952434227688294e-01 5.440072311469454469e+00 4.829966394269775698e-01
2.479452054794520688e+00 4.125000000000000194e-02 3.220300000000000246e-02 2.589834090379872777e-01 5.442026628529878174e+00 4.849213544970862877e-01
2.476712328767123772e+00 4.125000000000000194e-02 3.226799999999999807e-02 2.591083652362644596e-01 5.441842568882437448e+00 4.847399718577358740e-01
2.473972602739725968e+00 4.125000000000000194e-02 3.250499999999999917e-02 2.596918199692666573e-01 5.440983786983035309e+00 4.838936463033775004e-01
2.468493150684932136e+00 4.125000000000000194e-02 3.256699999999999873e-02 2.597576554140182958e-01 5.440887203920491189e+00 4.837984473846378419e-01
2.465753424657534332e+00 4.125000000000000194e-02 3.194600000000000217e-02 2.576393259105488331e-01 5.452226923345262044e+00 4.942130914154080901e-01
2.463013698630136972e+00 4.125000000000000194e-02 3.267799999999999871e-02 2.630183215477696623e-01 5.467815909798409812e+00 5.074087195864169786e-01
2.460273972602740056e+00 4.125000000000000194e-02 3.284899999999999626e-02 2.639652076079964105e-01 5.468301365133803493e+00 5.077150004167658714e-01
2.457534246575342252e+00 4.125000000000000194e-02 3.207800000000000235e-02 2.580841047432252400e-01 5.469223762137303879e+00 5.093390435797424676e-01
2.454794520547945336e+00 4.125000000000000194e-02 3.237999999999999906e-02 2.599674110651632453e-01 5.468923177306105110e+00 5.088103096433098660e-01
2.449315068493150616e+00 4.125000000000000194e-02 3.261100000000000110e-02 2.610285221811826650e-01 5.468753391595155833e+00 5.085116949115776608e-01
2.446575342465753256e+00 4.125000000000000194e-02 3.316100000000000297e-02 2.649558737643568085e-01 5.480322592909099733e+00 5.182796417308151993e-01
2.443835616438356340e+00 4.125000000000000194e-02 3.301799999999999874e-02 2.636212764242173989e-01 5.480536089686605550e+00 5.186551391001594791e-01
2.441095890410958980e+00 4.125000000000000194e-02 3.402800000000000269e-02 2.711412176898299053e-01 5.505458050329490760e+00 5.398635410075459662e-01
2.438356164383561620e+00 4.125000000000000194e-02 3.374200000000000116e-02 2.687816319830156342e-01 5.505821958426639462e+00 5.405048262005003323e-01
2.435616438356164259e+00 4.125000000000000194e-02 3.382399999999999990e-02 2.690556046666132128e-01 5.505779432950006047e+00 5.404299118916064959e-01
2.430136986301369983e+00 4.125000000000000194e-02 3.437500000000000278e-02 2.723562708463353466e-01 5.505263189426007564e+00 5.395208395165945747e-01
2.427397260273972623e+00 4.125000000000000194e-02 3.431399999999999728e-02 2.716058170398180649e-01 5.505382814089480270e+00 5.397312759836564444e-01
2.424657534246575707e+00 4.125000000000000194e-02 3.457899999999999863e-02 2.731718576578001101e-01 5.505132374471882528e+00 5.392907955488546179e-01
2.421917808219177903e+00 4.125000000000000194e-02 3.495000000000000190e-02 2.757779621095299838e-01 5.517758753579343534e+00 5.501865231399429845e-01
2.419178082191780987e+00 4.125000000000000194e-02 3.517800000000000094e-02 2.771480071566191361e-01 5.520976613775364861e+00 5.528652118593035958e-01
2.416438356164384071e+00 4.125000000000000194e-02 3.395499999999999907e-02 2.681738428104377681e-01 5.522560914315890912e+00 5.556370055391572915e-01
2.408219178082191991e+00 4.125000000000000194e-02 3.434699999999999559e-02 2.699982099359707344e-01 5.522160998330405413e+00 5.549500136057162747e-01
2.405479452054794187e+00 4.125000000000000194e-02 3.507099999999999801e-02 2.747724140923407665e-01 5.521081825445776303e+00 5.531017876307664505e-01
2.402739726027397271e+00 4.125000000000000194e-02 3.439199999999999896e-02 2.696863477822640798e-01 5.522339568990997982e+00 5.552341810622432039e-01
2.399999999999999911e+00 4.125000000000000194e-02 3.511800000000000338e-02 2.744559254644174939e-01 5.521043449006580062e+00 5.530640712989872698e-01
2.397260273972602551e+00 4.125000000000000194e-02 3.562699999999999895e-02 2.779881693972438561e-01 5.533884357696553735e+00 5.631450224063465626e-01
2.391780821917808275e+00 4.125000000000000194e-02 3.562699999999999895e-02 2.773387775213650430e-01 5.534057088822528669e+00 5.634350769601410569e-01
2.389041095890410915e+00 4.125000000000000194e-02 3.575600000000000306e-02 2.779116346826750461e-01 5.533904425800062477e+00 5.631787887068908649e-01
2.386301369863013555e+00 4.125000000000000194e-02 3.745499999999999524e-02 2.904171821546739363e-01 5.577398746483393843e+00 5.993131614411457697e-01
2.383561643835616639e+00 4.125000000000000194e-02 3.788099999999999801e-02 2.932782117141407019e-01 5.587851960155712838e+00 6.083137307963693008e-01
2.380821917808219723e+00 4.125000000000000194e-02 3.862499999999999961e-02 2.986996704737299169e-01 5.614326353452001150e+00 6.313596676036929978e-01
2.378082191780821919e+00 4.125000000000000194e-02 3.871300000000000435e-02 2.989593528201268113e-01 5.614289275897453635e+00 6.312940880198731897e-01
2.372602739726027199e+00 4.125000000000000194e-02 3.871300000000000435e-02 2.982628245918637622e-01 5.614388775288438715e+00 6.314700699877573431e-01
2.369863013698630283e+00 4.125000000000000194e-02 3.946399999999999908e-02 3.035510655469941255e-01 5.634616619329444909e+00 6.489354713863503266e-01
2.367123287671232923e+00 4.125000000000000194e-02 3.970699999999999924e-02 3.048611160196850189e-01 5.634472541743173579e+00 6.484712574294172471e-01
2.364383561643836007e+00 4.125000000000000194e-02 4.059100000000000208e-02 3.116813358424395108e-01 5.662157227413185723e+00 6.732767047514374159e-01
2.361643835616438203e+00 4.125000000000000194e-02 4.118000000000000133e-02 3.161494745884304014e-01 5.682681918931111298e+00 6.919239956226588273e-01
2.358904109589041287e+00 4.125000000000000194e-02 4.203199999999999992e-02 3.226229521980992776e-01 5.705583563543563663e+00 7.126589567980853301e-01
2.353424657534246567e+00 4.125000000000000194e-02 4.252799999999999636e-02 3.257651381569393600e-01 5.718075305530176955e+00 7.240096005965840353e-01
2.350684931506849207e+00 4.125000000000000194e-02 4.344999999999999557e-02 3.300349587627713355e-01 5.722482429619134336e+00 7.277798247685259847e-01
2.347945205479451847e+00 4.125000000000000194e-02 4.287099999999999939e-02 3.278103199389254541e-01 5.733340338804712388e+00 7.380571634504453638e-01
2.345205479452054931e+00 4.125000000000000194e-02 4.126699999999999813e-02 3.154740552193993075e-01 5.735133927103734486e+00 7.400959452300722718e-01
2.342465753424657571e+00 4.125000000000000194e-02 4.192400000000000293e-02 3.199414290320513055e-01 5.734459007254022467e+00 7.390768019512068410e-01
2.339726027397260211e+00 4.125000000000000194e-02 4.272600000000000009e-02 3.254606995209712861e-01 5.733599028415307330e+00 7.377794460528271925e-01
2.334246575342465935e+00 4.125000000000000194e-02 4.235400000000000276e-02 3.218763564164855984e-01 5.734176943330671072e+00 7.386503023613195662e-01
2.331506849315069019e+00 4.125000000000000194e-02 4.113400000000000389e-02 3.124378382915499186e-01 5.736087303402748638e+00 7.402157046314302713e-01
2.328767123287671215e+00 4.125000000000000194e-02 4.096700000000000341e-02 3.107945236149372015e-01 5.736440183451573027e+00 7.405567026134728392e-01
2.326027397260273855e+00 4.125000000000000194e-02 4.146099999999999786e-02 3.140313590641792274e-01 5.735819916535842111e+00 7.396295199428991607e-01
2.323287671232876495e+00 4.125000000000000194e-02 4.255799999999999861e-02 3.216826963800302752e-01 5.734272231344974990e+00 7.373220612233039040e-01
2.320547945205480023e+00 4.125000000000000194e-02 4.312000000000000555e-02 3.253779143662761109e-01 5.733455052348816139e+00 7.361099543697076086e-01
2.312328767123287498e+00 4.125000000000000194e-02 4.314099999999999879e-02 3.242634687094333446e-01 5.733706862352475397e+00 7.364829525921019471e-01
2.309589041095890583e+00 4.125000000000000194e-02 4.314099999999999879e-02 3.238407370159245846e-01 5.733802610770432295e+00 7.366247595791733938e-01
2.306849315068492778e+00 4.125000000000000194e-02 4.295299999999999813e-02 3.220499409924733047e-01 5.734209524926032309e+00 7.372272904014713912e-01
2.304109589041095862e+00 4.125000000000000194e-02 4.465600000000000125e-02 3.388223592131546780e-01 5.773478098456434893e+00 7.772478340861759261e-01
2.301369863013698502e+00 4.125000000000000194e-02 4.495899999999999896e-02 3.417000998070539031e-01 5.771988756217756311e+00 7.764057287472396762e-01
2.295890410958903782e+00 4.125000000000000194e-02 4.481099999999999667e-02 3.397494394015012631e-01 5.773001536659164046e+00 7.769788346460034800e-01
2.293150684931506866e+00 4.125000000000000194e-02 4.449600000000000083e-02 3.363206889161434177e-01 5.774789957384990124e+00 7.779920305685356086e-01
2.290410958904109062e+00 4.125000000000000194e-02 4.430699999999999916e-02 3.341796000987619641e-01 5.775913813875674485e+00 7.786297602948686336e-01
2.287671232876712146e+00 4.125000000000000194e-02 4.560600000000000070e-02 3.484380285656508147e-01 5.797390313424082287e+00 8.093676201082623534e-01
2.284931506849315230e+00 4.125000000000000194e-02 4.612199999999999633e-02 3.541617821550330225e-01 5.811048034583587985e+00 8.274512034833229057e-01
2.282191780821917870e+00 4.125000000000000194e-02 4.482999999999999485e-02 3.408293543687737626e-01 5.817324417312436324e+00 8.311334022373689789e-01
2.276712328767123150e+00 4.125000000000000194e-02 4.465799999999999631e-02 3.386475564031232177e-01 5.818419705966191735e+00 8.317844863541812295e-01
2.273972602739726234e+00 4.125000000000000194e-02 4.508899999999999714e-02 3.427868687286537153e-01 5.816326483223409838e+00 8.305381937614786381e-01
2.271232876712328874e+00 4.125000000000000194e-02 4.472800000000000387e-02 3.389187420652891025e-01 5.818309195475410256e+00 8.317222932206971286e-01
2.268493150684931514e+00 4.125000000000000194e-02 4.418300000000000005e-02 3.331977148213873252e-01 5.821303922052750934e+00 8.335196006974104899e-01
2.265753424657534154e+00 4.125000000000000194e-02 4.282299999999999995e-02 3.191730860853129181e-01 5.844565495634830299e+00 8.516219563870934817e-01
2.263013698630136794e+00 4.125000000000000194e-02 4.414200000000000068e-02 3.336369665369359194e-01 5.848104877520275302e+00 8.713917631608442127e-01
2.257534246575342518e+00 4.125000000000000194e-02 4.443100000000000521e-02 3.361617047042968487e-01 5.848718276867954202e+00 8.749717649803470110e-01
2.254794520547945158e+00 4.125000000000000194e-02 4.486500000000000210e-02 3.406426532537044638e-01 5.850503947617036182e+00 8.827348695423190561e-01
2.252054794520547798e+00 4.125000000000000194e-02 4.550900000000000084e-02 3.470731826111384533e-01 5.849347937702979117e+00 8.868648445130122848e-01
2.249315068493150882e+00 4.125000000000000194e-02 4.611399999999999527e-02 3.528347506907781317e-01 5.844857828607823436e+00 8.839038396240878059e-01
2.246575342465753078e+00 4.125000000000000194e-02 4.717999999999999972e-02 3.637599870458239626e-01 5.850209013051031803e+00 8.967613950172170778e-01
2.243835616438356162e+00 4.125000000000000194e-02 4.658400000000000041e-02 3.576184699118190036e-01 5.854170566131664089e+00 8.992782264240973822e-01
2.238356164383560998e+00 4.125000000000000194e-02 4.679299999999999432e-02 3.592059619066541032e-01 5.853125402487495244e+00 8.986082165865780791e-01
2.235616438356164526e+00 4.125000000000000194e-02 4.727999999999999564e-02 3.637638712376085048e-01 5.850098301101672504e+00 8.966599844644396189e-01
2.232876712328767166e+00 4.125000000000000194e-02 4.656899999999999928e-02 3.565713214209084714e-01 5.861332458471937734e+00 9.123809274814167480e-01
2.230136986301369806e+00 4.125000000000000194e-02 4.581599999999999562e-02 3.478995753373969047e-01 5.864938703742346604e+00 9.110380208794173207e-01
2.227397260273972446e+00 4.125000000000000194e-02 4.329999999999999821e-02 3.199531882135320804e-01 5.897184493996413757e+00 9.076127614087413642e-01
2.219178082191780810e+00 4.125000000000000194e-02 4.409799999999999831e-02 3.276983221205491126e-01 5.891645753672787755e+00 9.099736024584667016e-01
2.216438356164383450e+00 4.125000000000000194e-02 4.399300000000000432e-02 3.261956007741296792e-01 5.892729292573170241e+00 9.095084185419680667e-01
2.213698630136986090e+00 4.125000000000000194e-02 4.344499999999999751e-02 3.198376254647481987e-01 5.897344540912629718e+00 9.075151259720453112e-01
2.210958904109589174e+00 4.125000000000000194e-02 4.365499999999999936e-02 3.217947589972388056e-01 5.895911993640860160e+00 9.081386007139869987e-01
2.208219178082191814e+00 4.125000000000000194e-02 4.460499999999999882e-02 3.318273713824491100e-01 5.888424609965653644e+00 9.114586055238942386e-01
2.205479452054794454e+00 4.125000000000000194e-02 4.530800000000000105e-02 3.391224279375336659e-01 5.882804178456731314e+00 9.140382278971993513e-01
2.200000000000000178e+00 4.125000000000000194e-02 4.522300000000000625e-02 3.374698024857165080e-01 5.884093811471323932e+00 9.134372401453609847e-01
2.197260273972602818e+00 4.125000000000000194e-02 4.562999999999999695e-02 3.415153394929644759e-01 5.880924719046551452e+00 9.149210482886402929e-01
2.194520547945205013e+00 4.125000000000000194e-02 4.522700000000000331e-02 3.367852322493061767e-01 5.884666807090642493e+00 9.131469416510543669e-01
2.191780821917808098e+00 4.125000000000000194e-02 4.473200000000000093e-02 3.310648098132875083e-01 5.889261127455144518e+00 9.109243599976348804e-01
2.189041095890410737e+00 4.125000000000000194e-02 4.440199999999999703e-02 3.271361828198565691e-01 5.892466735177416481e+00 9.093375326099781830e-01
2.186301369863013822e+00 4.125000000000000194e-02 4.466999999999999443e-02 3.296773268019070890e-01 5.890376679194863740e+00 9.103848947853688811e-01
2.180821917808219101e+00 4.125000000000000194e-02 4.462900000000000200e-02 3.285194554296900216e-01 5.891332387758673406e+00 9.099032835175875356e-01
2.178082191780821741e+00 4.125000000000000194e-02 4.444300000000000334e-02 3.261587656199553265e-01 5.893285311304886420e+00 9.089155812277212032e-01
2.175342465753424825e+00 4.125000000000000194e-02 4.481399999999999967e-02 3.297929973941921000e-01 5.890255431221765647e+00 9.104675335635303846e-01
2.172602739726027465e+00 4.125000000000000194e-02 4.328700000000000603e-02 3.132927621300400367e-01 5.934210362697507790e+00 9.092590942491630690e-01
2.169863013698630105e+00 4.125000000000000194e-02 4.235799999999999982e-02 3.035585313461720003e-01 5.980779040895312093e+00 9.125669741685418224e-01
2.167123287671232745e+00 4.125000000000000194e-02 4.284099999999999714e-02 3.082268348312618977e-01 5.983726904281332359e+00 9.180055710058053764e-01
2.161643835616438469e+00 4.125000000000000194e-02 4.308900000000000230e-02 3.102062315057538822e-01 5.981446468148915230e+00 9.193846847808541112e-01
2.158904109589041109e+00 4.125000000000000194e-02 4.395699999999999608e-02 3.191207974662021440e-01 5.971333498275559926e+00 9.257523498391134753e-01
2.156164383561644193e+00 4.125000000000000194e-02 4.366399999999999448e-02 3.156544721256406838e-01 5.975182960188050174e+00 9.231780920792241885e-01
2.153424657534246389e+00 4.125000000000000194e-02 4.264400000000000135e-02 3.047234250627194330e-01 6.018271924130857542e+00 9.239675449158866183e-01
2.150684931506849029e+00 4.125000000000000194e-02 4.313900000000000373e-02 3.096543551175121034e-01 6.012548004062915119e+00 9.278432363957858087e-01
2.147945205479452113e+00 4.125000000000000194e-02 4.342200000000000226e-02 3.123188588079032213e-01 6.009482880942706551e+00 9.299589429298515952e-01
2.142465753424657393e+00 4.125000000000000194e-02 4.358900000000000274e-02 3.134016234422226654e-01 6.008240836596359991e+00 9.308214960363094814e-01
2.139726027397260477e+00 4.125000000000000194e-02 4.381700000000000178e-02 3.154663818663901997e-01 6.005875792090415999e+00 9.324691014182607818e-01
2.136986301369863117e+00 4.125000000000000194e-02 4.214100000000000484e-02 2.984051361462993213e-01 6.086628630122884687e+00 9.353444363193478273e-01
2.134246575342465757e+00 4.125000000000000194e-02 4.215800000000000103e-02 2.982480358515094965e-01 6.086659352213831475e+00 9.351663319339649227e-01
2.131506849315068397e+00 4.125000000000000194e-02 4.240400000000000419e-02 3.001192962599349423e-01 6.090078775137980571e+00 9.383405153260184761e-01
2.128767123287671037e+00 4.125000000000000194e-02 4.182500000000000107e-02 2.951646963706719418e-01 6.104840598590859813e+00 9.365071104573543526e-01
2.123287671232876761e+00 4.125000000000000194e-02 4.205599999999999616e-02 2.963300996914828844e-01 6.104601601851635806e+00 9.378146503270371470e-01
2.120547945205479401e+00 4.125000000000000194e-02 4.264099999999999835e-02 3.014939952656453537e-01 6.111401654824640595e+00 9.455865014113027378e-01
2.117808219178082041e+00 4.125000000000000194e-02 4.265799999999999453e-02 3.013391537870903081e-01 6.111616169250597252e+00 9.454604071209375959e-01
2.115068493150685125e+00 4.125000000000000194e-02 4.223200000000000565e-02 2.968347142326874244e-01 6.149765258677093449e+00 9.501615140516735947e-01
2.112328767123288209e+00 4.125000000000000194e-02 4.279899999999999677e-02 3.024346706779495464e-01 6.142168727483091395e+00 9.547702531786320668e-01
2.109589041095890405e+00 4.125000000000000194e-02 4.327499999999999403e-02 3.070672834438886722e-01 6.136187636110977728e+00 9.586616257187275947e-01
2.101369863013698769e+00 4.125000000000000194e-02 4.331699999999999440e-02 3.064808830046895083e-01 6.136926960995041647e+00 9.581636456356126264e-01
2.098630136986301409e+00 4.125000000000000194e-02 4.382699999999999790e-02 3.114329171623387293e-01 6.130764514932939946e+00 9.623950379120734810e-01
2.095890410958904049e+00 4.125000000000000194e-02 4.357400000000000162e-02 3.084619254139864264e-01 6.134344352251558163e+00 9.598135142193809921e-01
2.093150684931506689e+00 4.125000000000000194e-02 4.365600000000000036e-02 3.089664117520823927e-01 6.133742700497228029e+00 9.602543627204180865e-01
2.090410958904109773e+00 4.125000000000000194e-02 4.427899999999999892e-02 3.150628851291113475e-01 6.126600250087250288e+00 9.656352228693951822e-01
2.082191780821917693e+00 4.125000000000000194e-02 4.425799999999999873e-02 3.137855670071795222e-01 6.128042241676379120e+00 9.644809414534042391e-01
2.079452054794520333e+00 4.125000000000000194e-02 4.380300000000000166e-02 3.087471134833212338e-01 6.133676365238176942e+00 9.598987285267157610e-01
2.076712328767123417e+00 4.125000000000000194e-02 4.355500000000000344e-02 3.058453260446133415e-01 6.136850347764458036e+00 9.572174141348100962e-01
2.073972602739726057e+00 4.125000000000000194e-02 4.463799999999999712e-02 3.166283352162157505e-01 6.125407840818678729e+00 9.674189489256540542e-01
2.071232876712328697e+00 4.125000000000000194e-02 4.257799999999999779e-02 2.955706828814676501e-01 6.201378461843995105e+00 9.637780111744527201e-01
2.065753424657534421e+00 4.125000000000000194e-02 4.257799999999999779e-02 2.949033524784085980e-01 6.202195791282933079e+00 9.631944657257613951e-01
2.063013698630137061e+00 4.125000000000000194e-02 4.207700000000000329e-02 2.901230006906793668e-01 6.216759126382447320e+00 9.617402548612761226e-01
2.060273972602740145e+00 4.125000000000000194e-02 4.247200000000000281e-02 2.933045641288540839e-01 6.221894358956563842e+00 9.672639904736859418e-01
2.057534246575342340e+00 4.125000000000000194e-02 4.219999999999999446e-02 2.904259797514409103e-01 6.236735827258458542e+00 9.681838024889158900e-01
2.054794520547944980e+00 4.125000000000000194e-02 4.144700000000000467e-02 2.846585980410423766e-01 6.237873410993886480e+00 9.614539252786632462e-01
2.052054794520548064e+00 4.125000000000000194e-02 4.223699999999999677e-02 2.903590314275117934e-01 6.274977888189861908e+00 9.766777936503936441e-01
2.043835616438355984e+00 4.125000000000000194e-02 4.240599999999999925e-02 2.910859665333670465e-01 6.273859744826490115e+00 9.772653638911739105e-01
2.041095890410959068e+00 4.125000000000000194e-02 4.204700000000000104e-02 2.875747627774229986e-01 6.295634549856594653e+00 9.782759799159971292e-01
2.038356164383561708e+00 4.125000000000000194e-02 4.084600000000000036e-02 2.785935615090255335e-01 6.297944897487290916e+00 9.685400298456355861e-01
2.035616438356164348e+00 4.125000000000000194e-02 4.128499999999999531e-02 2.814965788621701659e-01 6.296985026075426539e+00 9.715803109696793394e-01
2.032876712328766988e+00 4.125000000000000194e-02 4.176599999999999757e-02 2.846917633939732295e-01 6.295893217035768430e+00 9.749150212861895648e-01
2.027397260273972712e+00 4.125000000000000194e-02 4.180799999999999794e-02 2.844275817392711292e-01 6.295986418350041802e+00 9.746401570097591449e-01
2.024657534246575796e+00 4.125000000000000194e-02 4.231599999999999945e-02 2.882863346329670451e-01 6.322863637241209034e+00 9.827987996305282969e-01
2.021917808219177992e+00 4.125000000000000194e-02 4.210300000000000153e-02 2.860590337682327178e-01 6.351503332639700794e+00 9.847390176008956608e-01
2.019178082191780632e+00 4.125000000000000194e-02 4.127100000000000213e-02 2.797382923649419095e-01 6.366122433750645015e+00 9.800142714694283219e-01
2.016438356164384160e+00 4.125000000000000194e-02 4.127100000000000213e-02 2.794589983435772362e-01 6.366222979514450486e+00 9.797242146723822431e-01
