1.109589041095890405e+00 4.000000000000000083e-02 8.063216079838181338e-02 5.087182124709801023e+00 2.070549491493305638e-01 -6.852071760282975321e-02
1.106849315068493045e+00 4.000000000000000083e-02 9.835071186493059281e-02 5.091632064906677080e+00 2.010184188342450107e-01 -7.716466451073339394e-02
1.104109589041095907e+00 4.000000000000000083e-02 1.054531361547970253e-01 5.096159100454690005e+00 1.954532819947681077e-01 -8.433058754986128003e-02
1.098630136986301409e+00 4.000000000000000083e-02 1.095997720058970448e-01 5.099109363670998540e+00 1.918427622234412655e-01 -8.894437056115933604e-02
1.095890410958904049e+00 4.000000000000000083e-02 1.131707321677173222e-01 5.101496142103847831e+00 1.889034893300817475e-01 -9.272103531723761838e-02
1.093150684931506911e+00 4.000000000000000083e-02 1.136091857589644621e-01 5.101969727813208344e+00 1.880122273701811952e-01 -9.422464005044471624e-02
1.090410958904109551e+00 4.000000000000000083e-02 1.133353170565284257e-01 5.101686174717594113e+00 1.871747824398260207e-01 -9.667743285035851342e-02
1.087671232876712413e+00 4.000000000000000083e-02 1.130842098338818713e-01 5.101384558101302424e+00 1.862761295751216295e-01 -9.930551497587489229e-02
1.084931506849315053e+00 4.000000000000000083e-02 1.127701449487513718e-01 5.101206534061178743e+00 1.857781621765449420e-01 -1.007778731322196003e-01
1.079452054794520555e+00 4.000000000000000083e-02 1.126830212170982781e-01 5.101184620200553965e+00 1.857263456447152128e-01 -1.009360870413911482e-01
1.076712328767123195e+00 4.000000000000000083e-02 1.117556009991879790e-01 5.100866281615524578e+00 1.849074566275715759e-01 -1.033950870442692932e-01
1.073972602739726057e+00 4.000000000000000083e-02 1.114172849810993182e-01 5.100761657042474972e+00 1.846448807051376817e-01 -1.041873224709474743e-01
1.071232876712328697e+00 4.000000000000000083e-02 1.111606202216079697e-01 5.100479997476574212e+00 1.838100364459934744e-01 -1.066308503508298505e-01
1.068493150684931559e+00 4.000000000000000083e-02 1.138052536221124678e-01 5.100903902190665917e+00 1.846246600564178386e-01 -1.040263730775716350e-01
1.065753424657534199e+00 4.000000000000000083e-02 1.126721866316782866e-01 5.100718318671962237e+00 1.842631838770506791e-01 -1.051783378734581914e-01
1.060273972602739700e+00 4.000000000000000083e-02 1.126653573048049251e-01 5.100717200103964011e+00 1.842610051510910341e-01 -1.051852811025819345e-01
1.057534246575342562e+00 4.000000000000000083e-02 1.094236893008893319e-01 5.100029183957136780e+00 1.827333073348840486e-01 -1.099113648254947534e-01
1.054794520547945202e+00 4.000000000000000083e-02 1.091830130175912711e-01 5.099665332665165529e+00 1.816370829962295208e-01 -1.131107470768418083e-01
1.052054794520547842e+00 4.000000000000000083e-02 1.092461813657384095e-01 5.099664345302553414e+00 1.816216196751856138e-01 -1.131497551283631026e-01
1.049315068493150704e+00 4.000000000000000083e-02 1.085263066975400009e-01 5.099546416045569686e+00 1.813919209864447990e-01 -1.138817043790095879e-01
1.046575342465753122e+00 4.000000000000000083e-02 1.081502662735296383e-01 5.099376088896216075e+00 1.809302934465676638e-01 -1.152542306926728072e-01
1.038356164383561708e+00 4.000000000000000083e-02 1.084277390735885194e-01 5.099416528131786919e+00 1.810030671388243029e-01 -1.150177902819318337e-01
1.035616438356164348e+00 4.000000000000000083e-02 1.067221387644634867e-01 5.099132178439926832e+00 1.804433274945675958e-01 -1.167969451493204303e-01
1.032876712328767210e+00 4.000000000000000083e-02 1.063971104206545282e-01 5.098970066405206225e+00 1.799975339620618897e-01 -1.181188688691580252e-01
1.030136986301370072e+00 4.000000000000000083e-02 1.061384148519514542e-01 5.098661008115548121e+00 1.790770194327599152e-01 -1.208105242339928276e-01
1.027397260273972712e+00 4.000000000000000083e-02 1.147447639513061585e-01 5.100138737838658898e+00 1.818128475760574514e-01 -1.119920278566026856e-01
1.021917808219177992e+00 4.000000000000000083e-02 1.141307356105136644e-01 5.100321676482621136e+00 1.816324519643819080e-01 -1.121745114327666187e-01
1.019178082191780854e+00 4.000000000000000083e-02 1.133368408152341938e-01 5.101216797141626458e+00 1.814360315543584734e-01 -1.113831545375503773e-01
1.016438356164383494e+00 4.000000000000000083e-02 1.148637386788744774e-01 5.100759487757104083e+00 1.818869905895739714e-01 -1.109269920191191527e-01
1.013698630136986356e+00 4.000000000000000083e-02 1.156836466807143610e-01 5.100510840064735874e+00 1.821321939182502236e-01 -1.106789663524800071e-01
1.010958904109588996e+00 4.000000000000000083e-02 1.175444467639075730e-01 5.099941375266502597e+00 1.826937845267792293e-01 -1.101109235107764206e-01
1.008219178082192080e+00 4.000000000000000083e-02 1.170216080499923844e-01 5.100105508088977224e+00 1.825319091738137889e-01 -1.102746487122350932e-01
1.002739726027397360e+00 4.000000000000000083e-02 1.171631247882082283e-01 5.100060973362110062e+00 1.825758316988603247e-01 -1.102302245252155394e-01
1.000000000000000000e+00 4.000000000000000083e-02 1.158187621593865929e-01 5.100485622865869928e+00 1.821570150198734972e-01 -1.106538208794088374e-01
9.972602739726027510e-01 4.000000000000000083e-02 1.147171656097383668e-01 5.100842798206328688e+00 1.818047170794012957e-01 -1.110101156822120572e-01
9.945205479452056130e-01 4.000000000000000083e-02 1.147129517567215540e-01 5.100844190372093578e+00 1.818033438403176272e-01 -1.110115044313922383e-01
9.917808219178083640e-01 4.000000000000000083e-02 1.131231921706380150e-01 5.101372945734289566e+00 1.812817657945963168e-01 -1.115389642300799039e-01
9.890410958904110039e-01 4.000000000000000083e-02 1.153058067896270134e-01 5.100595897461315253e+00 1.820484513062702592e-01 -1.107637859116150231e-01
9.835616438356163949e-01 4.000000000000000083e-02 1.145125258172145638e-01 5.100909251202067729e+00 1.817391376891565880e-01 -1.110764110398889531e-01
9.808219178082191458e-01 4.000000000000000083e-02 1.151210170264563848e-01 5.100664900038135663e+00 1.819803575691083253e-01 -1.108326245112650627e-01
9.780821917808220078e-01 4.000000000000000083e-02 1.145364661232636666e-01 5.100902476355026138e+00 1.817458117121094063e-01 -1.110696544328931279e-01
9.753424657534246478e-01 4.000000000000000083e-02 1.148747952912042153e-01 5.100763228079546963e+00 1.818832925991540062e-01 -1.109307247818919623e-01
9.726027397260273988e-01 4.000000000000000083e-02 1.125567088452972819e-01 5.101746470931531441e+00 1.809123964963189612e-01 -1.119117422592161848e-01
9.698630136986300387e-01 4.000000000000000083e-02 1.139279058056222593e-01 5.101036506696961403e+00 1.816144007460077370e-01 -1.112032102286965446e-01
9.643835616438356517e-01 4.000000000000000083e-02 1.134612414296901906e-01 5.101294141905836632e+00 1.813595108147319224e-01 -1.114603518678366767e-01
9.616438356164384027e-01 4.000000000000000083e-02 1.128841927374545362e-01 5.101615793555072109e+00 1.810412578437465281e-01 -1.117813925810212106e-01
9.589041095890410427e-01 4.000000000000000083e-02 1.120109092140156998e-01 5.102111577799158582e+00 1.805506256703498513e-01 -1.122762509760640709e-01
9.561643835616437936e-01 4.000000000000000083e-02 1.103853780115279654e-01 5.103082733815004879e+00 1.795890649639271530e-01 -1.132456839603597498e-01
9.534246575342464336e-01 4.000000000000000083e-02 1.105141886559557196e-01 5.102996385074431984e+00 1.796746826381911688e-01 -1.131594662473118379e-01
9.506849315068491846e-01 4.000000000000000083e-02 1.107529847116177357e-01 5.102836153488724769e+00 1.798335597811649700e-01 -1.129994773860215768e-01
9.452054794520547976e-01 4.000000000000000083e-02 1.100742872941412598e-01 5.103293871144521709e+00 1.793796795089473428e-01 -1.134565075019952768e-01
9.424657534246575485e-01 4.000000000000000083e-02 1.100361002889301831e-01 5.103320401547585483e+00 1.793533602719978026e-01 -1.134830000967745472e-01
9.397260273972604105e-01 4.000000000000000083e-02 1.096641481362597564e-01 5.103579000423988710e+00 1.790968168883197154e-01 -1.137412310059224829e-01
9.369863013698630505e-01 4.000000000000000083e-02 1.084093232986536037e-01 5.104470952339358547e+00 1.782116702413934217e-01 -1.146319654192672621e-01
9.342465753424658015e-01 4.000000000000000083e-02 1.085219167525032918e-01 5.104381740202899920e+00 1.783003699316067225e-01 -1.145428447069513633e-01
9.315068493150684414e-01 4.000000000000000083e-02 1.090619227279579911e-01 5.103953076221653617e+00 1.787265869867358803e-01 -1.141146171505417473e-01
9.260273972602740544e-01 4.000000000000000083e-02 1.093934812023923953e-01 5.103684188941338462e+00 1.789940530704142996e-01 -1.138459831247303766e-01
9.232876712328768054e-01 4.000000000000000083e-02 1.082934681109318648e-01 5.104589232774039864e+00 1.780935321173636454e-01 -1.147502216097336519e-01
9.205479452054794454e-01 4.000000000000000083e-02 1.081564865809292730e-01 5.104709916974242923e+00 1.779732658740474927e-01 -1.148708316057286682e-01
9.178082191780821963e-01 4.000000000000000083e-02 1.078311002794433704e-01 5.104996922034687579e+00 1.776872466908078485e-01 -1.151576617212084347e-01
9.150684931506849473e-01 4.000000000000000083e-02 1.075542740967090766e-01 5.105242623822533687e+00 1.774423517515686943e-01 -1.154032204481045404e-01
9.123287671232875873e-01 4.000000000000000083e-02 1.088751509945278945e-01 5.104056147988016434e+00 1.786252710943568023e-01 -1.142173744093832183e-01
9.068493150684932003e-01 4.000000000000000083e-02 1.089249517845316539e-01 5.104008890140596222e+00 1.786724560868928335e-01 -1.141701293976559173e-01
9.041095890410958402e-01 4.000000000000000083e-02 1.085982613571195160e-01 5.104318947380949822e+00 1.783628753309721426e-01 -1.144801027771434748e-01
9.013698630136985912e-01 4.000000000000000083e-02 1.076656428236019564e-01 5.105207315963033565e+00 1.774757811755057202e-01 -1.153682474371362926e-01
8.986301369863013422e-01 4.000000000000000083e-02 1.075312897308430826e-01 5.105337280547270318e+00 1.773459457815237394e-01 -1.154981894252398306e-01
8.958904109589040932e-01 4.000000000000000083e-02 1.082228137718168476e-01 5.104667909012671423e+00 1.780146649091317868e-01 -1.148289317806842902e-01
8.876712328767123461e-01 4.000000000000000083e-02 1.108601061773766133e-01 5.102080753439448557e+00 1.806003143715776693e-01 -1.122420368344939495e-01
8.849315068493150971e-01 4.000000000000000083e-02 1.097898427069843447e-01 5.103144890740503037e+00 1.795363628786836585e-01 -1.133061428554716643e-01
8.821917808219178481e-01 4.000000000000000083e-02 1.088470012576048390e-01 5.104083059765499364e+00 1.785983352533886959e-01 -1.142442883269954995e-01
8.794520547945205990e-01 4.000000000000000083e-02 1.086426668579575372e-01 5.104286490213158167e+00 1.783949320833934371e-01 -1.144477142831165362e-01
8.767123287671232390e-01 4.000000000000000083e-02 1.085846475441166470e-01 5.104344254446615992e+00 1.783371755262557201e-01 -1.145054772636634743e-01
8.739726027397259900e-01 4.000000000000000083e-02 1.108566430402920522e-01 5.102081280310640565e+00 1.805998792403694653e-01 -1.122425465959301233e-01
8.684931506849314919e-01 4.000000000000000083e-02 1.113856050948634768e-01 5.101553377021700975e+00 1.811277512815208934e-01 -1.117146480252005636e-01
8.657534246575342429e-01 4.000000000000000083e-02 1.090263164176424049e-01 5.103908433839452918e+00 1.787728182926095755e-01 -1.140696867389034697e-01
8.630136986301369939e-01 4.000000000000000083e-02 1.077712760771382949e-01 5.105162164091966659e+00 1.775191253601357266e-01 -1.153234121037214344e-01
8.602739726027397449e-01 4.000000000000000083e-02 1.073206959476147998e-01 5.105612333377910872e+00 1.770689675840120270e-01 -1.157735799906717544e-01
8.575342465753424959e-01 4.000000000000000083e-02 1.057080954327973693e-01 5.107223530792961874e+00 1.754578089069729341e-01 -1.173847730191501654e-01
8.547945205479452468e-01 4.000000000000000083e-02 1.075220714681419110e-01 5.105410734071027079e+00 1.772705742091134906e-01 -1.155719791985665712e-01
8.493150684931506378e-01 4.000000000000000083e-02 1.075237078549867858e-01 5.105409098481197283e+00 1.772722097786860740e-01 -1.155703436100266185e-01
8.465753424657533888e-01 4.000000000000000083e-02 1.072055605262690892e-01 5.105727090902878018e+00 1.769542212007445270e-01 -1.158883358449497719e-01
8.438356164383561397e-01 4.000000000000000083e-02 1.077605856348982649e-01 5.105172332151682646e+00 1.775089735327343154e-01 -1.153335772849447965e-01
8.410958904109588907e-01 4.000000000000000083e-02 1.082703173041162509e-01 5.104662834099109148e+00 1.780184661693341164e-01 -1.148240792535016180e-01
8.383561643835616417e-01 4.000000000000000083e-02 1.077995551789262124e-01 5.105133390104858115e+00 1.775479147288398230e-01 -1.152946353865080958e-01
8.356164383561643927e-01 4.000000000000000083e-02 1.084417860574708459e-01 5.104491426953361000e+00 1.781898722681689584e-01 -1.146526718524270710e-01
8.301369863013698946e-01 4.000000000000000083e-02 1.085717216883996666e-01 5.104361540650477203e+00 1.783197576158654096e-01 -1.145227854251043703e-01
8.273972602739726456e-01 4.000000000000000083e-02 1.080163263088437658e-01 5.104916726979768171e+00 1.777645750655583168e-01 -1.150779724657355063e-01
8.246575342465753966e-01 4.000000000000000083e-02 1.083889061597261422e-01 5.104544274113222535e+00 1.781370259022878044e-01 -1.147055189853503770e-01
8.219178082191780366e-01 4.000000000000000083e-02 1.082114331778468441e-01 5.104721689556325437e+00 1.779596112637843175e-01 -1.148829347853423527e-01
8.191780821917807875e-01 4.000000000000000083e-02 1.094324517067517544e-01 5.103501045116368928e+00 1.791802513544306363e-01 -1.136622874219865992e-01
8.164383561643835385e-01 4.000000000000000083e-02 1.107776636328866721e-01 5.102156062378980117e+00 1.805252335502207650e-01 -1.123173014413084841e-01
8.109589041095890405e-01 4.000000000000000083e-02 1.103782760132852037e-01 5.102555406517373271e+00 1.801258890469297491e-01 -1.127166465148026070e-01
8.082191780821917915e-01 4.000000000000000083e-02 1.090258272483963786e-01 5.103907717844781367e+00 1.787735757954708737e-01 -1.140689613248394435e-01
8.054794520547945424e-01 4.000000000000000083e-02 1.078865088809422557e-01 5.105046959562166364e+00 1.776343318049659337e-01 -1.152082058050466207e-01
8.027397260273972934e-01 4.000000000000000083e-02 1.060288413497415122e-01 5.106904533574180505e+00 1.757767534919315033e-01 -1.170657842323903075e-01
8.000000000000000444e-01 4.000000000000000083e-02 1.059664702967005184e-01 5.106966902659412888e+00 1.757143842596260719e-01 -1.171281534492087661e-01
7.972602739726026844e-01 4.000000000000000083e-02 1.083416539310577409e-01 5.104591788521939399e+00 1.780895046336882503e-01 -1.147530339518664927e-01
7.917808219178081863e-01 4.000000000000000083e-02 1.084588700601663708e-01 5.104474574365820416e+00 1.782067190652907862e-01 -1.146358195762862409e-01
7.890410958904109373e-01 4.000000000000000083e-02 1.055192074378213524e-01 5.107414191731895592e+00 1.752670942732565407e-01 -1.175754427331239527e-01
7.863013698630136883e-01 4.000000000000000083e-02 1.050789731080013778e-01 5.107854422128758287e+00 1.748268629391770690e-01 -1.180156738327757665e-01
7.835616438356164393e-01 4.000000000000000083e-02 1.054212580499059582e-01 5.107512140290290326e+00 1.751691455851069890e-01 -1.176733913933114967e-01
7.808219178082191902e-01 4.000000000000000083e-02 1.051112298167253822e-01 5.107822165655368174e+00 1.748591194091487777e-01 -1.179834173580108780e-01
7.780821917808219412e-01 4.000000000000000083e-02 1.078816396432427521e-01 5.105051779938031054e+00 1.776295128067182372e-01 -1.152130260095616948e-01
7.698630136986300831e-01 4.000000000000000083e-02 1.064677399640308331e-01 5.106465671824608421e+00 1.762156176716009048e-01 -1.166269202400273264e-01
7.671232876712328341e-01 4.000000000000000083e-02 1.072982769362592348e-01 5.105635139149552693e+00 1.770461523251678493e-01 -1.157963861445147763e-01
7.643835616438355851e-01 4.000000000000000083e-02 1.078112791360307798e-01 5.105122139625272837e+00 1.775591531691897706e-01 -1.152833856757456005e-01
7.616438356164383361e-01 4.000000000000000083e-02 1.074898000698128603e-01 5.105443616957114017e+00 1.772376749316135480e-01 -1.156048636541821412e-01
7.589041095890410871e-01 4.000000000000000083e-02 1.093045566009738651e-01 5.103628870403816187e+00 1.790524270170563703e-01 -1.137901131612592265e-01
7.534246575342465890e-01 4.000000000000000083e-02 1.088740595615018125e-01 5.104059365475114518e+00 1.786219307214003404e-01 -1.142206091006787577e-01
7.506849315068493400e-01 4.000000000000000083e-02 1.085893646934859014e-01 5.104344058974564113e+00 1.783372363348407763e-01 -1.145053032282195987e-01
7.479452054794520910e-01 4.000000000000000083e-02 1.081211597280161557e-01 5.104812261554532604e+00 1.778690321505082272e-01 -1.149735069426965628e-01
7.452054794520548420e-01 4.000000000000000083e-02 1.080245181024356294e-01 5.104908902664576864e+00 1.777723906804185294e-01 -1.150701483070302733e-01
7.424657534246574819e-01 4.000000000000000083e-02 1.084881715343403025e-01 5.104445251881877255e+00 1.782360433700880264e-01 -1.146064961787769954e-01
7.397260273972602329e-01 4.000000000000000083e-02 1.117556714798968037e-01 5.101177768315825922e+00 1.815035396125551925e-01 -1.113390036876799466e-01
7.342465753424657349e-01 4.000000000000000083e-02 1.118661640496107224e-01 5.101067276063099953e+00 1.816140321397726742e-01 -1.112285112422874006e-01
7.315068493150684859e-01 4.000000000000000083e-02 1.109949929792700962e-01 5.101938444416801666e+00 1.807428614018193880e-01 -1.120996812689186023e-01
7.287671232876712368e-01 4.000000000000000083e-02 1.116514467152627949e-01 5.101281992824958422e+00 1.813993149059659749e-01 -1.114432283358396947e-01
7.260273972602739878e-01 4.000000000000000083e-02 1.116167894361164287e-01 5.101316649983452578e+00 1.813646576384767006e-01 -1.114778855707573985e-01
7.232876712328767388e-01 4.000000000000000083e-02 1.085455980133524512e-01 5.104387830621995192e+00 1.782934670932377896e-01 -1.145490731524776845e-01
7.205479452054794898e-01 4.000000000000000083e-02 1.108806258999007061e-01 5.102052808508148907e+00 1.806284946901850486e-01 -1.122140471988517935e-01
7.123287671232876317e-01 4.000000000000000083e-02 1.112234822644718457e-01 5.101709952933946468e+00 1.809713510238960266e-01 -1.118711910929153092e-01
7.095890410958903827e-01 4.000000000000000083e-02 1.085483151001589847e-01 5.104385113542957875e+00 1.782961840832040512e-01 -1.145463561342119074e-01
7.068493150684931337e-01 4.000000000000000083e-02 1.061276728888997656e-01 5.106805750540583944e+00 1.758755420012949044e-01 -1.169669966901351332e-01
7.041095890410958846e-01 4.000000000000000083e-02 1.077786276140213773e-01 5.105154799196148119e+00 1.775264966609816919e-01 -1.153160430257786084e-01
7.013698630136986356e-01 4.000000000000000083e-02 1.094287526322123283e-01 5.103504677642008325e+00 1.791766216230211151e-01 -1.136659190870636937e-01
6.958904109589041376e-01 4.000000000000000083e-02 1.096987475348167179e-01 5.103234683323468523e+00 1.794466165176722972e-01 -1.133959243654327070e-01
6.931506849315068886e-01 4.000000000000000083e-02 1.081149302294050346e-01 5.104818496889771851e+00 1.778627992575262384e-01 -1.149797405161461367e-01
6.904109589041096395e-01 4.000000000000000083e-02 1.068983398158699499e-01 5.106035084392852141e+00 1.766462088729285340e-01 -1.161963300351897405e-01
6.876712328767122795e-01 4.000000000000000083e-02 1.066459313908243028e-01 5.106287492184327981e+00 1.763938004532341342e-01 -1.164487382661629489e-01
6.849315068493150305e-01 4.000000000000000083e-02 1.062319446497976411e-01 5.106701477781613541e+00 1.759798137208305746e-01 -1.168627246575544842e-01
6.821917808219177815e-01 4.000000000000000083e-02 1.094034228894192329e-01 5.103530008547782160e+00 1.791512919049241259e-01 -1.136912491624941374e-01
6.739726027397260344e-01 4.000000000000000083e-02 1.092190598910507127e-01 5.103714371135138705e+00 1.789669289080807191e-01 -1.138756120362929558e-01
6.712328767123287854e-01 4.000000000000000083e-02 1.085153257355239015e-01 5.104418103562369247e+00 1.782631947581960197e-01 -1.145793456685409023e-01
6.684931506849315364e-01 4.000000000000000083e-02 1.083278091497286710e-01 5.104605619648964421e+00 1.780756781737996286e-01 -1.147668621033491182e-01
6.657534246575342873e-01 4.000000000000000083e-02 1.079673349390842946e-01 5.104966092801675792e+00 1.777152039657435567e-01 -1.151273359942742019e-01
6.630136986301370383e-01 4.000000000000000083e-02 1.119073323367892475e-01 5.101026106688761885e+00 1.816552013438134383e-01 -1.111873420015237340e-01
6.575342465753424293e-01 4.000000000000000083e-02 1.111045762137229387e-01 5.101828861204285026e+00 1.808524452217931955e-01 -1.119900976407443988e-01
6.547945205479451802e-01 4.000000000000000083e-02 1.108575544281722725e-01 5.102075882451918787e+00 1.806054234365029876e-01 -1.122371192644491811e-01
6.520547945205479312e-01 4.000000000000000083e-02 1.111257759697635433e-01 5.101807661554448536e+00 1.808736449778670652e-01 -1.119688979165967130e-01
6.493150684931506822e-01 4.000000000000000083e-02 1.130781721747148999e-01 5.099855270430770027e+00 1.828260411817341224e-01 -1.100165032395112458e-01
6.465753424657534332e-01 4.000000000000000083e-02 1.117387657671791018e-01 5.101194673516724620e+00 1.814866347741184438e-01 -1.113559086488355304e-01
6.438356164383561842e-01 4.000000000000000083e-02 1.158633465579134297e-01 5.097070102407366576e+00 1.856112155669992214e-01 -1.072313307662727533e-01
6.383561643835616861e-01 4.000000000000000083e-02 1.153211586313711012e-01 5.097612289360359483e+00 1.850690276400087375e-01 -1.077735184005298025e-01
6.356164383561644371e-01 4.000000000000000083e-02 1.145966332675081162e-01 5.098336813296836745e+00 1.843445022754291729e-01 -1.084980433358974095e-01
6.328767123287670771e-01 4.000000000000000083e-02 1.137571070604782436e-01 5.099176337702682638e+00 1.835049760674229979e-01 -1.093375690022666963e-01
6.301369863013698280e-01 4.000000000000000083e-02 1.128924286539212951e-01 5.100041014104800929e+00 1.826402976597033267e-01 -1.102022468072050426e-01
6.273972602739725790e-01 4.000000000000000083e-02 1.120323653581299650e-01 5.100901075257501915e+00 1.817802343625937456e-01 -1.110623094598137822e-01
6.246575342465753300e-01 4.000000000000000083e-02 1.163735728401655151e-01 5.096559878211557759e+00 1.861214418516400904e-01 -1.067211051094439228e-01
6.191780821917808320e-01 4.000000000000000083e-02 1.156975649807516215e-01 5.097235884874800504e+00 1.854454339913294836e-01 -1.073971126099738660e-01
6.164383561643835829e-01 4.000000000000000083e-02 1.151980028387364213e-01 5.097735446048998753e+00 1.849458718485763598e-01 -1.078966744616241952e-01
6.136986301369863339e-01 4.000000000000000083e-02 1.155231524625936756e-01 5.097410297117086486e+00 1.852710214729688942e-01 -1.075715250453574967e-01
6.109589041095890849e-01 4.000000000000000083e-02 1.144458791167135836e-01 5.098487567947047161e+00 1.841937481251179620e-01 -1.086487976364490377e-01
6.082191780821918359e-01 4.000000000000000083e-02 1.142693074519477020e-01 5.098664139173470389e+00 1.840171764600035675e-01 -1.088253691697112779e-01
6.054794520547944758e-01 4.000000000000000083e-02 1.147129008710955078e-01 5.098220546968946998e+00 1.844607698801257745e-01 -1.083817761149391684e-01
5.999999999999999778e-01 4.000000000000000083e-02 1.139921349060061817e-01 5.098941310778938529e+00 1.837400039132914553e-01 -1.091025414335301813e-01
5.972602739726027288e-01 4.000000000000000083e-02 1.141351534254747557e-01 5.098798292718011105e+00 1.838830224331347851e-01 -1.089595230516143404e-01
5.945205479452054798e-01 4.000000000000000083e-02 1.133809095960189445e-01 5.099552533887276695e+00 1.831287786014903773e-01 -1.097137660830729416e-01
5.917808219178082307e-01 4.000000000000000083e-02 1.126028424279645473e-01 5.100330598171040286e+00 1.823507114310431165e-01 -1.104918323859173934e-01
5.890410958904109817e-01 4.000000000000000083e-02 1.117187140535992745e-01 5.101214723133763229e+00 1.814665830538260971e-01 -1.113759597368952775e-01
5.863013698630137327e-01 4.000000000000000083e-02 1.121673684129894794e-01 5.100766070546528752e+00 1.819152374147076645e-01 -1.109273059090889330e-01
5.808219178082191236e-01 4.000000000000000083e-02 1.118053040627697420e-01 5.101128133351728877e+00 1.815531730631821106e-01 -1.112893697958616396e-01
5.780821917808218746e-01 4.000000000000000083e-02 1.109335106832918805e-01 5.101999922714967717e+00 1.806813796802974048e-01 -1.121611619706267410e-01
5.753424657534246256e-01 4.000000000000000083e-02 1.110835003832887358e-01 5.101849933702196971e+00 1.808313693808802081e-01 -1.120111724767698796e-01
5.726027397260273766e-01 4.000000000000000083e-02 1.107612166566148970e-01 5.102172215803992827e+00 1.805090856528177023e-01 -1.123334557160511754e-01
5.698630136986301276e-01 4.000000000000000083e-02 1.105719119844942172e-01 5.102361519442153437e+00 1.803197809798113282e-01 -1.125227600780318166e-01
5.671232876712328785e-01 4.000000000000000083e-02 1.102622190690699389e-01 5.102671210505457466e+00 1.800100880627974742e-01 -1.128324524379060861e-01
5.616438356164383805e-01 4.000000000000000083e-02 1.101470296968655033e-01 5.102786399136558515e+00 1.798948986899557290e-01 -1.129476415878113288e-01
5.589041095890411315e-01 4.000000000000000083e-02 1.092279279585871565e-01 5.103705494461237890e+00 1.789757969461543696e-01 -1.138667414023171592e-01
5.561643835616438825e-01 4.000000000000000083e-02 1.090350269892787355e-01 5.103898394279129391e+00 1.787828959758507308e-01 -1.140596420262573879e-01
5.534246575342465224e-01 4.000000000000000083e-02 1.079879506926730015e-01 5.104945463856169319e+00 1.777358196734305229e-01 -1.151067163073365845e-01
5.506849315068492734e-01 4.000000000000000083e-02 1.075909293107802644e-01 5.105342483085279603e+00 1.773387982896705573e-01 -1.155037370435067212e-01
5.479452054794520244e-01 4.000000000000000083e-02 1.078730088911062646e-01 5.105060405136446988e+00 1.776208778714124803e-01 -1.152216579525428691e-01
5.424657534246575263e-01 4.000000000000000083e-02 1.078031559116044563e-01 5.105130257678599293e+00 1.775510248915310452e-01 -1.152915108008627648e-01
5.397260273972602773e-01 4.000000000000000083e-02 1.072207826136941239e-01 5.105712626972396251e+00 1.769686515901423285e-01 -1.158738828977509822e-01
5.369863013698630283e-01 4.000000000000000083e-02 1.064452001005789239e-01 5.106488204295838607e+00 1.761930690725154180e-01 -1.166494638542415058e-01
5.342465753424657793e-01 4.000000000000000083e-02 1.063106433384619909e-01 5.106622760228028746e+00 1.760585123096763960e-01 -1.167840203674259947e-01
5.315068493150685303e-01 4.000000000000000083e-02 1.064347823652590647e-01 5.106498622042583868e+00 1.761826513372057035e-01 -1.166598815929890814e-01
5.287671232876712812e-01 4.000000000000000083e-02 1.076152724608314265e-01 5.105318140485418432e+00 1.773631414402096484e-01 -1.154793940584739748e-01
5.232876712328766722e-01 4.000000000000000083e-02 1.075135875941589103e-01 5.105419824799747985e+00 1.772614565730560865e-01 -1.155810787594743205e-01
5.205479452054794232e-01 4.000000000000000083e-02 1.070783763404077049e-01 5.105855033452423086e+00 1.768262453170392490e-01 -1.160162892330462020e-01
5.178082191780821741e-01 4.000000000000000083e-02 1.062842541619254400e-01 5.106649150689160699e+00 1.760321231342517057e-01 -1.168104099292780751e-01
5.150684931506849251e-01 4.000000000000000083e-02 1.058313342837598620e-01 5.107102067927637101e+00 1.755792032537860647e-01 -1.172633290156823022e-01
5.123287671232876761e-01 4.000000000000000083e-02 1.051643925627931825e-01 5.107769005593561396e+00 1.749122615292857119e-01 -1.179302695203591073e-01
5.095890410958904271e-01 4.000000000000000083e-02 1.066168983190024511e-01 5.106316508251887321e+00 1.763647672928286836e-01 -1.164777662880456255e-01
5.013698630136986800e-01 4.000000000000000083e-02 1.055399959495343098e-01 5.107393405840666034e+00 1.752878649191934313e-01 -1.175546672235722317e-01
4.986301369863013755e-01 4.000000000000000083e-02 1.043735106869422696e-01 5.108559886186794685e+00 1.741213796523155832e-01 -1.187211510115000340e-01
4.958904109589041265e-01 4.000000000000000083e-02 1.019770098364985861e-01 5.110956377896219927e+00 1.717248787939030519e-01 -1.211176491201487460e-01
4.931506849315068219e-01 4.000000000000000083e-02 1.019989810699221122e-01 5.110934406727012380e+00 1.717468500273824916e-01 -1.210956779059876864e-01
4.904109589041095729e-01 4.000000000000000083e-02 1.053121420491943266e-01 5.107621255639543278e+00 1.750600110152787103e-01 -1.177825198936997830e-01
4.849315068493150749e-01 4.000000000000000083e-02 1.048564130357611396e-01 5.108076983636070878e+00 1.746042820009589824e-01 -1.182382486021172491e-01
4.821917808219178259e-01 4.000000000000000083e-02 1.045327872539145581e-01 5.108400608625313311e+00 1.742806562184210373e-01 -1.185618741462271947e-01
4.794520547945205213e-01 4.000000000000000083e-02 1.031908012614656950e-01 5.109742591027433001e+00 1.729386702228419281e-01 -1.199038590617797911e-01
4.767123287671232723e-01 4.000000000000000083e-02 1.026267051125628049e-01 5.110306685634283141e+00 1.723745740725943776e-01 -1.204679547481543184e-01
4.739726027397260233e-01 4.000000000000000083e-02 1.011247621040411854e-01 5.111808624224083886e+00 1.708726310602202980e-01 -1.219698964313066375e-01
4.712328767123287743e-01 4.000000000000000083e-02 1.040104839822863364e-01 5.108922910331914480e+00 1.737583529454282960e-01 -1.190841769484339285e-01
4.657534246575342207e-01 4.000000000000000083e-02 1.032546882900879093e-01 5.109678704296585217e+00 1.730025572517239763e-01 -1.198399721224711195e-01
4.630136986301369162e-01 4.000000000000000083e-02 1.020255099842679730e-01 5.110907879572074819e+00 1.717733789432619174e-01 -1.210691495193628869e-01
4.602739726027397227e-01 4.000000000000000083e-02 1.011848003531085061e-01 5.111748587042464820e+00 1.709326693102182215e-01 -1.219098585024147030e-01
4.575342465753424737e-01 4.000000000000000083e-02 1.007553328365644041e-01 5.112178053375393993e+00 1.705032017926422505e-01 -1.223393256639420251e-01
4.547945205479452246e-01 4.000000000000000083e-02 1.009891959845915788e-01 5.112033154893516063e+00 1.708911756260856618e-01 -1.221621472431782679e-01
4.520547945205479201e-01 4.000000000000000083e-02 1.043856387587468043e-01 5.109890285799538745e+00 1.762151119412868894e-01 -1.195559241783858972e-01
4.465753424657534221e-01 4.000000000000000083e-02 1.074343847720956868e-01 5.107767313947078058e+00 1.802188896621724490e-01 -1.170591437715482325e-01
4.438356164383561731e-01 4.000000000000000083e-02 1.086256506317415937e-01 5.106897999868603044e+00 1.816943240716565044e-01 -1.160544659051760408e-01
4.410958904109589240e-01 4.000000000000000083e-02 1.100136587112132552e-01 5.105876393224691334e+00 1.833969479443940953e-01 -1.148776642018243810e-01
4.383561643835616195e-01 4.000000000000000083e-02 1.100151119371463593e-01 5.105875312271132671e+00 1.833987104678844460e-01 -1.148764241406109027e-01
4.356164383561643150e-01 4.000000000000000083e-02 1.111749477491659061e-01 5.105011362535899266e+00 1.848032631012053728e-01 -1.138858576223809038e-01
4.328767123287671215e-01 4.000000000000000083e-02 1.157451779801035585e-01 5.101479407189043691e+00 1.901315560038207564e-01 -1.098942257899721275e-01
4.273972602739726234e-01 4.000000000000000083e-02 1.192213925122284496e-01 5.098524399726066747e+00 1.939064878874768305e-01 -1.066906211587202863e-01
4.246575342465753189e-01 4.000000000000000083e-02 1.207303486624238392e-01 5.097202839965933485e+00 1.955154322524838839e-01 -1.052776228512664475e-01
4.219178082191780144e-01 4.000000000000000083e-02 1.226488614603936239e-01 5.095511074267947471e+00 1.975529535510633650e-01 -1.034746343237206712e-01
4.191780821917808209e-01 4.000000000000000083e-02 1.239170126149555518e-01 5.094381983022029381e+00 1.988924503787452003e-01 -1.022768321714089268e-01
4.164383561643835163e-01 4.000000000000000083e-02 1.262448022262780134e-01 5.092295348360821095e+00 2.013419635163813670e-01 -1.000704144141994212e-01
4.136986301369863228e-01 4.000000000000000083e-02 1.298671983228157356e-01 5.088983948588163386e+00 2.051142023072151377e-01 -9.660220162856447690e-02
4.054794520547945202e-01 4.000000000000000083e-02 1.351376977054064565e-01 5.084015724345715803e+00 2.105205231675478517e-01 -9.147804447014033780e-02
4.027397260273972157e-01 4.000000000000000083e-02 1.361507866223964913e-01 5.083040637092532954e+00 2.115499599288722388e-01 -9.048306989285993807e-02
4.000000000000000222e-01 4.000000000000000083e-02 1.375075517277357107e-01 5.081733643794948740e+00 2.129280959469137535e-01 -8.915001342113507143e-02
3.972602739726027177e-01 4.000000000000000083e-02 1.389987613900713903e-01 5.080294845078550559e+00 2.144417314905713579e-01 -8.768373798277175057e-02
3.945205479452054131e-01 4.000000000000000083e-02 1.546205957534030062e-01 5.088522377266273544e+00 2.155929381330316807e-01 -9.497763658920252428e-02
3.890410958904109151e-01 4.000000000000000083e-02 1.586439060584477478e-01 5.085126033318152494e+00 2.193669422009050796e-01 -9.151944350785753968e-02
3.863013698630137216e-01 4.000000000000000083e-02 1.594377470566750721e-01 5.084434606121055467e+00 2.201211882405804399e-01 -9.081749434432245804e-02
3.835616438356164171e-01 4.000000000000000083e-02 1.601063769007056714e-01 5.083851396133971967e+00 2.207568374423136970e-01 -9.022549141844812826e-02
3.808219178082191125e-01 4.000000000000000083e-02 1.623218172305734008e-01 5.081912314891167348e+00 2.228659264949227892e-01 -8.825782822438274500e-02
3.780821917808219190e-01 4.000000000000000083e-02 1.641181117913673715e-01 5.080317842381206539e+00 2.245855601496154208e-01 -8.664209201924148729e-02
3.753424657534246145e-01 4.000000000000000083e-02 1.847090875633857487e-01 5.080320549531277763e+00 2.201477439605132036e-01 -8.226236661372623993e-02
3.698630136986301165e-01 4.000000000000000083e-02 1.872885419763441195e-01 5.079739692200075929e+00 2.206640068924816678e-01 -8.105429729931008798e-02
3.671232876712328119e-01 4.000000000000000083e-02 1.881192223418353404e-01 5.079348678146886620e+00 2.210187692072887455e-01 -8.041666223457764884e-02
3.643835616438356184e-01 4.000000000000000083e-02 1.887766189077206280e-01 5.079025240297251997e+00 2.213129068481103079e-01 -7.990038567932900015e-02
3.616438356164383139e-01 4.000000000000000083e-02 1.896769914071854968e-01 5.078567263242710794e+00 2.217301861227877480e-01 -7.918145841128837459e-02
3.589041095890411204e-01 4.000000000000000083e-02 1.903568742422345195e-01 5.078200011415823667e+00 2.220660796224388778e-01 -7.862291393708306653e-02
3.561643835616438158e-01 4.000000000000000083e-02 1.935128165061925920e-01 5.076303029808918232e+00 2.238128040400835794e-01 -7.589963692083508129e-02
3.506849315068493178e-01 4.000000000000000083e-02 1.957486679987330558e-01 5.074532630854609927e+00 2.254984538313235254e-01 -7.378497276776041502e-02
3.479452054794520133e-01 4.000000000000000083e-02 1.962427801584400167e-01 5.074117751233661266e+00 2.258974153758616099e-01 -7.331018171802584915e-02
3.452054794520548198e-01 4.000000000000000083e-02 1.971148608604916530e-01 5.073382884096386825e+00 2.266045441750156320e-01 -7.247142211165874537e-02
3.424657534246575152e-01 4.000000000000000083e-02 1.978855340730759638e-01 5.072726776490399381e+00 2.272370769211173869e-01 -7.172824305822893265e-02
3.397260273972602107e-01 4.000000000000000083e-02 1.979773443302372260e-01 5.072647968405592067e+00 2.273131709528946331e-01 -7.163952363093148423e-02
3.369863013698630172e-01 4.000000000000000083e-02 2.002198418012625658e-01 5.070705749106968696e+00 2.291915630671489679e-01 -6.946752712237348748e-02
3.315068493150685192e-01 4.000000000000000083e-02 2.025172722146080517e-01 5.068597467592029560e+00 2.312553345459277820e-01 -6.721164705535746797e-02
3.287671232876712146e-01 4.000000000000000083e-02 2.028262992233280104e-01 5.068306159959976576e+00 2.315422681833812502e-01 -6.690639376069883182e-02
3.260273972602739101e-01 4.000000000000000083e-02 2.033757871383418403e-01 5.067787889473327922e+00 2.320528252496517618e-01 -6.636354979060440917e-02
3.232876712328767166e-01 4.000000000000000083e-02 2.040124571847196089e-01 5.067186310903472268e+00 2.326457050889271516e-01 -6.573433221892949208e-02
3.205479452054794121e-01 4.000000000000000083e-02 2.052462621601498505e-01 5.066016658256425664e+00 2.337993576347650038e-01 -6.451409684524822552e-02
3.123287671232876095e-01 4.000000000000000083e-02 2.083748306323256472e-01 5.063007388909432471e+00 2.367780077809629458e-01 -6.141029763137634268e-02
3.095890410958904160e-01 4.000000000000000083e-02 2.093926444545681220e-01 5.062008809062448655e+00 2.377714779012936042e-01 -6.039638908729634548e-02
3.068493150684931114e-01 4.000000000000000083e-02 2.104322401132890930e-01 5.060987462494987987e+00 2.387879650736134951e-01 -5.936049259508746623e-02
3.041095890410959179e-01 4.000000000000000083e-02 2.115990528705600782e-01 5.059839386227539038e+00 2.399310393031688082e-01 -5.819747078037066507e-02
3.013698630136986134e-01 4.000000000000000083e-02 2.127981098904295487e-01 5.058657384692650361e+00 2.411084733317603868e-01 -5.700185679081582607e-02
2.986301369863013089e-01 4.000000000000000083e-02 2.142190883448421568e-01 5.057253928992880176e+00 2.425072216185544527e-01 -5.558440740372117689e-02
2.931506849315068108e-01 4.000000000000000083e-02 2.162454480078539742e-01 5.055247613546298702e+00 2.445081307262202686e-01 -5.356207230156174309e-02
2.904109589041095063e-01 4.000000000000000083e-02 2.170276686758883800e-01 5.054470957769401807e+00 2.452832795152810608e-01 -5.278096520946543024e-02
2.876712328767123128e-01 4.000000000000000083e-02 2.178823021141017280e-01 5.053622071076614652e+00 2.461306099247838330e-01 -5.192748113731217308e-02
2.849315068493150083e-01 4.000000000000000083e-02 2.187579064715884092e-01 5.052751921746139629e+00 2.469992818784364219e-01 -5.105296708256057414e-02
2.821917808219178148e-01 4.000000000000000083e-02 2.207225452980790537e-01 5.050798055562713884e+00 2.489502297193066649e-01 -4.909047917315889631e-02
2.794520547945205102e-01 4.000000000000000083e-02 2.214944934185776870e-01 5.050029008092427496e+00 2.497184909816982656e-01 -4.831910892620594478e-02
2.739726027397260122e-01 4.000000000000000083e-02 2.234516813988321748e-01 5.048078475725106706e+00 2.516672212478528459e-01 -4.636324612594027589e-02
2.712328767123287077e-01 4.000000000000000083e-02 2.240734139821589921e-01 5.047458234942585165e+00 2.522870589497787641e-01 -4.574181014005092305e-02
2.684931506849315141e-01 4.000000000000000083e-02 2.247997277722854625e-01 5.046733594479168694e+00 2.530112481628185028e-01 -4.501582895133402623e-02
2.657534246575342096e-01 4.000000000000000083e-02 2.255764318109582112e-01 5.045958569544582772e+00 2.537858213639943017e-01 -4.423945854504637842e-02
2.630136986301369051e-01 4.000000000000000083e-02 2.263881711426001808e-01 5.045148445578440111e+00 2.545955120189901666e-01 -4.342804004350890590e-02
2.602739726027397116e-01 4.000000000000000083e-02 2.266900692574300713e-01 5.044847094307282731e+00 2.548967171288712974e-01 -4.312625048595464944e-02
2.547945205479452135e-01 4.000000000000000083e-02 2.286542260870088050e-01 5.042886223870729268e+00 2.568567127526188987e-01 -4.116274573860274205e-02
2.520547945205479090e-01 4.000000000000000083e-02 2.293889928152092195e-01 5.042152179523800903e+00 2.575905673731617163e-01 -4.042812208910774585e-02
2.493150684931506877e-01 4.000000000000000083e-02 2.300001366692690230e-01 5.041541594922240854e+00 2.582010061094989761e-01 -3.981708894275250848e-02
2.465753424657534110e-01 4.000000000000000083e-02 2.306394280139953401e-01 5.040902855226552681e+00 2.588396030183219843e-01 -3.917790673825841813e-02
2.438356164383561064e-01 4.000000000000000083e-02 2.315137684722276823e-01 5.040029212345380039e+00 2.597130670436162969e-01 -3.830370419412486988e-02
2.410958904109589129e-01 4.000000000000000083e-02 2.326797781326410408e-01 5.038863995181995570e+00 2.608780839407078278e-01 -3.713785104305247081e-02
2.356164383561643871e-01 4.000000000000000083e-02 2.345861400517771922e-01 5.036958590612580444e+00 2.627832527324122092e-01 -3.523167783776261219e-02
2.328767123287671104e-01 4.000000000000000083e-02 2.354739232551157913e-01 5.036071078687616165e+00 2.636707010756065284e-01 -3.434394793473596191e-02
2.301369863013698058e-01 4.000000000000000083e-02 2.365797227380160295e-01 5.034965582456838007e+00 2.647761282799693805e-01 -3.323820792966954152e-02
2.273972602739726123e-01 4.000000000000000083e-02 2.375276929344409538e-01 5.034017832444545704e+00 2.657238302510300243e-01 -3.229028081279071427e-02
2.246575342465753078e-01 4.000000000000000083e-02 2.385901281916692485e-01 5.032955613481640889e+00 2.667860042080911764e-01 -3.122788776349825351e-02
2.219178082191780865e-01 4.000000000000000083e-02 2.395031341759260302e-01 5.032042765125287254e+00 2.676988218298872457e-01 -3.031491243485722256e-02
2.164383561643835052e-01 4.000000000000000083e-02 2.378994739660987567e-01 5.042580801665989654e+00 2.738341099134268264e-01 -1.239341251981244431e-02
2.136986301369863117e-01 4.000000000000000083e-02 2.373788824020456045e-01 5.048075935864101638e+00 2.761307031424072300e-01 -4.956257504551970020e-03
2.109589041095890072e-01 4.000000000000000083e-02 2.377186146477121009e-01 5.038625346723056175e+00 2.704393452685224797e-01 -2.084094481990860642e-02
2.082191780821917027e-01 4.000000000000000083e-02 2.379676090938980249e-01 5.032455230863909890e+00 2.665205459627504880e-01 -3.158884066571588517e-02
2.054794520547945091e-01 4.000000000000000083e-02 2.382378092230236222e-01 5.029826167042124929e+00 2.636329401946395645e-01 -3.865847517581658815e-02
2.027397260273972046e-01 4.000000000000000083e-02 2.385868903842439381e-01 5.026431715910385734e+00 2.599051599209432073e-01 -4.775053949847022500e-02
1.945205479452054020e-01 4.000000000000000083e-02 2.392088437861987771e-01 5.020396627914931464e+00 2.532803310414892262e-01 -6.370743519540297828e-02
1.917808219178082085e-01 4.000000000000000083e-02 2.396609051707790372e-01 5.016017943163370241e+00 2.484755403438965171e-01 -7.516120400800117840e-02
1.890410958904109040e-01 4.000000000000000083e-02 2.401120600019207574e-01 5.011655520645935447e+00 2.436902716316504403e-01 -8.645903872021140635e-02
1.863013698630137105e-01 4.000000000000000083e-02 2.404207994410580695e-01 5.008673723901689634e+00 2.404202409073864788e-01 -9.412904776580933996e-02
1.835616438356164060e-01 4.000000000000000083e-02 2.392020393803323819e-01 5.020307962235312615e+00 2.531491307663804591e-01 -6.597991821675573687e-02
1.753424657534246034e-01 4.000000000000000083e-02 2.400389286079330220e-01 5.012402161395237421e+00 2.445172469909270840e-01 -8.420142518565948420e-02
1.726027397260274099e-01 4.000000000000000083e-02 2.403208028315159950e-01 5.009748109857907750e+00 2.416212723596372902e-01 -9.023300252486086970e-02
1.698630136986301054e-01 4.000000000000000083e-02 2.404997220742948194e-01 5.008064614593825681e+00 2.397845595524999707e-01 -9.404791506916160282e-02
1.671232876712328008e-01 4.000000000000000083e-02 2.405008829631337386e-01 5.008053693514278315e+00 2.397726449026320872e-01 -9.407264437294250714e-02
1.643835616438356073e-01 4.000000000000000083e-02 2.405549742380115041e-01 5.007544850838360873e+00 2.392175112239020573e-01 -9.522466557114096786e-02
1.589041095890411093e-01 4.000000000000000083e-02 2.412208073809268272e-01 5.001322036245125169e+00 2.324370092494797979e-01 -1.089467742227201719e-01
1.561643835616438047e-01 4.000000000000000083e-02 2.414012938240408801e-01 4.999644010100327662e+00 2.306103844293656002e-01 -1.125742918535572595e-01
1.534246575342465002e-01 4.000000000000000083e-02 2.416354757931964969e-01 4.997469849386124707e+00 2.282443024809917009e-01 -1.172499011631230187e-01
1.506849315068493067e-01 4.000000000000000083e-02 2.420321386184284551e-01 4.993802094969731264e+00 2.242557565176067913e-01 -1.250234009798091295e-01
1.479452054794520022e-01 4.000000000000000083e-02 2.423814774331145006e-01 4.990590497527692015e+00 2.207669316798182568e-01 -1.316964633285142294e-01
1.452054794520546976e-01 4.000000000000000083e-02 2.420416204141528083e-01 4.993697290459481408e+00 2.241384757503560587e-01 -1.253596352015871329e-01
1.369863013698630061e-01 4.000000000000000083e-02 2.430431681891190854e-01 4.984789908010839987e+00 2.145183306721452354e-01 -1.421326224805956884e-01
1.342465753424657016e-01 4.000000000000000083e-02 2.435087631326581792e-01 4.980780091592556857e+00 2.102100636922845656e-01 -1.491469713083128090e-01
1.315068493150683970e-01 4.000000000000000083e-02 2.440059770295755492e-01 4.976549789711612881e+00 2.056733898327693100e-01 -1.563678487159166075e-01
1.287671232876712035e-01 4.000000000000000083e-02 2.445113147324190495e-01 4.972313031202751255e+00 2.011397142915138658e-01 -1.634049340831131569e-01
1.260273972602738990e-01 4.000000000000000083e-02 2.445114586502686593e-01 4.972311835959512649e+00 2.011384370261181664e-01 -1.634068871426199721e-01
1.205479452054794010e-01 4.000000000000000083e-02 2.452882041384951417e-01 4.965976024722595028e+00 1.943850911730704845e-01 -1.734573005919964050e-01
1.178082191780821936e-01 4.000000000000000083e-02 2.459279909886618321e-01 4.960963642331869039e+00 1.890706145756031464e-01 -1.809750613188141344e-01
1.150684931506849029e-01 4.000000000000000083e-02 2.464677844171172527e-01 4.956850663898488385e+00 1.847244737936994396e-01 -1.869428675201862400e-01
1.123287671232875984e-01 4.000000000000000083e-02 2.470061468993272058e-01 4.952843729877690393e+00 1.805017866262468296e-01 -1.926125766944725426e-01
1.095890410958904049e-01 4.000000000000000083e-02 2.475966004085959904e-01 4.948565184567914166e+00 1.760059729072724066e-01 -1.985115783634198716e-01
